0.64006 0.431202 0.635915 
0.09903 -0.874015 0.475701 
-0.243206 0.966399 0.0832066 
-0.33905 -0.805728 -0.485641 
0.454791 0.831497 0.319027 
0.851194 -0.242325 0.465561 
-0.755808 0.320609 -0.570933 
0.613583 -0.317777 0.722865 
0.0194845 -0.507085 0.861676 
0.767207 0.491823 -0.411707 
0.0247241 -0.985614 0.167194 
0.418355 -0.494788 -0.761685 
-0.975012 0.100758 0.197988 
-0.989827 0.0256284 -0.139948 
0.66442 0.34836 0.661204 
-0.862547 0.501846 -0.0645236 
0.454965 -0.89048 -0.0072388 
-0.708898 -0.507381 -0.489927 
0.775869 0.422729 -0.468324 
-0.811086 0.0256159 0.584366 
0.573192 -0.791389 -0.212493 
0.69762 -0.442351 -0.563607 
0.336761 -0.885408 -0.320381 
-0.490292 0.19598 -0.849239 
-0.605002 0.589591 0.535122 
0.0401218 0.817876 -0.573994 
-0.642924 -0.641839 -0.417961 
0.0149901 0.0719291 -0.997297 
-0.485383 -0.857694 -0.1696 
0.543646 -0.620906 0.564734 
0.798421 0.264664 0.540811 
0.642893 0.112892 -0.757591 
-0.852244 -0.252286 -0.458293 
0.0724241 0.17359 0.982151 
0.0342001 -0.0360694 0.998764 
0.019547 0.993615 0.111121 
-0.335616 -0.708019 0.621346 
0.929731 -0.327954 -0.167469 
0.394972 0.915925 -0.0712676 
0.33217 0.82879 0.450299 
-0.0122487 0.444213 0.895838 
0.422211 -0.431564 -0.797176 
-0.738849 -0.286045 -0.610147 
0.208683 0.977981 -0.00229924 
0.548616 -0.521399 -0.653578 
0.411521 -0.378689 0.829002 
0.17513 0.524051 -0.833486 
0.20351 -0.814424 -0.543413 
0.400797 -0.657954 0.63754 
0.267933 0.943979 0.192652 
-0.536497 -0.7502 -0.386484 
0.866255 -0.450141 0.216738 
0.440878 0.677414 0.588844 
0.0923476 0.30863 0.946689 
-0.946401 -0.0140661 -0.322688 
0.753499 -0.417376 0.507973 
0.186014 0.623176 -0.759639 
0.251415 0.66815 0.700261 
-0.0585579 -0.448798 0.891713 
0.222075 -0.829496 -0.512463 
0.319194 -0.128118 0.938989 
0.749863 0.365187 -0.551673 
-0.818919 0.526143 -0.229227 
0.595517 -0.705543 -0.384146 
0.940786 -0.338296 0.0218416 
-0.353744 0.284444 -0.891042 
0.339477 -0.938287 -0.0661256 
-0.959385 -0.115278 -0.257471 
0.929512 -0.191366 0.315257 
0.344571 -0.661401 -0.666198 
0.127742 -0.970889 -0.202626 
0.432495 -0.677624 -0.59479 
0.356871 0.837671 -0.413462 
-0.11221 0.872852 0.474909 
-0.716353 0.622235 0.315694 
-0.637797 0.0155257 0.770048 
-0.263572 -0.323291 -0.908852 
0.0903575 -0.534968 -0.840027 
0.3044 0.0399365 -0.951707 
0.813208 -0.581103 -0.0318133 
0.926797 0.106098 0.360264 
0.923039 -0.279403 0.264447 
-0.229621 -0.540423 -0.809455 
0.626488 -0.57969 -0.52103 
0.0581341 -0.990611 0.123733 
0.575725 0.291599 0.763879 
0.356354 0.415829 0.836719 
-0.708466 -0.703931 -0.0505677 
-0.559746 -0.766785 0.314204 
-0.60176 0.795797 0.0677585 
-0.461061 -0.65255 -0.601333 
-0.655398 0.573231 0.491793 
0.731991 0.326489 -0.597991 
0.38597 -0.922142 -0.0261179 
-0.859215 -0.289834 0.421599 
0.903421 0.214941 -0.370986 
0.650775 -0.702317 -0.288519 
0.995664 0.08972 0.024556 
0.661177 0.530157 -0.530828 
0.944806 -0.192035 0.26545 
0.812521 -0.107231 0.572984 
0.725024 -0.489846 -0.484139 
-0.071703 0.702178 -0.708381 
0.364059 0.926759 0.0926239 
-0.121908 0.332013 0.935364 
0.034893 0.0881982 -0.995492 
0.593086 -0.411145 -0.692249 
0.436181 -0.858066 -0.271052 
0.990294 -0.0153433 -0.138138 
0.33305 -0.0182845 -0.942732 
-0.723775 -0.350394 0.594453 
0.385547 -0.921414 0.0484713 
0.371023 -0.469123 -0.801415 
-0.627207 0.269744 -0.73065 
-0.428757 -0.900922 0.067137 
-0.377262 0.696158 0.610768 
0.63627 0.0617441 -0.768991 
-0.0947988 0.986993 0.129835 
0.764369 -0.616258 -0.189649 
0.940448 0.314346 0.129395 
-0.60416 0.183357 0.775481 
-0.269599 -0.954692 0.126017 
-0.350134 0.910458 0.220163 
0.645628 -0.0250889 0.76324 
-0.509366 0.835886 0.204549 
-0.856744 -0.0170465 -0.51546 
-0.659501 0.736165 0.152049 
0.272681 -0.393999 0.87773 
0.463195 0.62368 -0.629661 
0.758768 -0.26274 0.596019 
-0.482833 0.196143 0.853464 
-0.427584 -0.260929 0.865499 
0.877531 0.436931 -0.197563 
0.424841 0.311085 0.850139 
-0.289342 -0.956929 0.0238412 
0.304012 -0.0353883 0.952011 
0.934415 -0.236023 0.26676 
-0.728202 -0.128766 0.673158 
0.610997 0.158811 -0.77554 
-0.38116 0.0860241 -0.920498 
0.357134 -0.499 -0.789591 
0.383444 0.149974 0.911306 
0.321687 -0.889768 0.323774 
0.250919 -0.120892 -0.96043 
-0.459213 0.224244 0.859557 
-0.210614 0.872339 0.44121 
-0.190393 -0.876845 -0.441467 
-0.781341 -0.481243 -0.397381 
-0.686775 0.623872 -0.372994 
0.222265 -0.974514 0.0303502 
-0.72273 -0.665058 -0.188042 
-0.580906 -0.328025 0.744948 
0.509051 0.766067 0.39244 
0.842372 -0.28086 -0.45992 
0.874492 -0.014349 0.484827 
-0.725825 -0.686939 -0.0359621 
0.0438025 0.583902 0.810642 
0.256314 -0.845438 -0.468549 
-0.11315 -0.0313786 -0.993082 
-0.301194 0.722537 -0.622272 
0.098535 0.957485 -0.271134 
0.8906 0.264009 -0.370313 
-0.944442 -0.315167 0.0932737 
-0.0371773 -0.927495 0.371983 
-0.59965 -0.461284 -0.65394 
-0.798775 -0.162802 -0.579184 
0.153401 0.396806 0.904994 
-0.159908 0.974563 0.157026 
0.33243 -0.779607 -0.530758 
0.0165551 -0.0200903 -0.999661 
0.664343 0.615772 0.423643 
-0.261966 -0.229508 0.93739 
0.176089 0.968637 0.175313 
-0.0770741 -0.311238 0.947201 
0.0199642 0.620169 0.784215 
-0.219777 -0.417037 0.881917 
-0.788104 0.18005 -0.58862 
-0.712132 0.187868 -0.676442 
0.92939 0.355017 0.100987 
0.204184 0.00278504 0.978929 
0.641322 0.678221 -0.358779 
0.437645 0.679158 -0.589246 
-0.789776 0.0128604 0.61326 
-0.283713 0.739917 0.609942 
-0.121685 0.959379 0.254529 
0.898362 -0.227239 0.37591 
0.740651 -0.671658 -0.0176445 
0.226803 0.7827 -0.579605 
-0.379782 -0.604221 -0.700487 
0.187466 -0.952427 0.240288 
0.0376358 -0.0123705 -0.999215 
0.71865 0.648813 -0.250166 
-0.335287 -0.103016 0.936467 
0.393472 -0.91905 -0.0229451 
-0.618273 -0.499508 -0.606821 
-0.812506 -0.447161 0.374007 
0.102045 0.206991 0.973006 
0.505089 0.814142 0.286457 
0.329373 -0.0373487 0.943461 
0.67954 0.666349 -0.306929 
-0.822613 0.324828 0.466685 
0.22811 0.775365 0.588876 
-0.204683 0.316192 0.926352 
-0.889978 -0.412663 -0.194034 
0.472526 0.501996 0.724375 
0.593173 -0.362755 0.718718 
-0.0537138 0.947273 -0.315893 
-0.763355 -0.63633 0.111236 
-0.655981 0.16743 -0.735973 
0.517303 0.828619 -0.213983 
0.24748 0.922839 0.295165 
0.529267 -0.792488 -0.303051 
-0.412657 0.0368357 -0.910141 
0.345047 0.92738 -0.144598 
0.802755 0.589239 -0.091558 
-0.354013 0.85553 -0.377815 
0.293066 0.0305032 -0.955605 
0.57714 -0.62193 0.529257 
0.0811828 0.332142 -0.939729 
-0.864562 0.32915 0.379727 
0.310723 -0.780713 0.542162 
0.492417 -0.242102 0.83601 
0.661257 0.557769 -0.501631 
-0.0921786 0.352578 -0.931231 
-0.993128 -0.0796962 -0.0857086 
-0.401196 0.906257 0.133194 
0.448131 0.871272 0.200158 
-0.387587 -0.42559 0.81771 
-0.751276 -0.58868 0.298398 
-0.58397 -0.80818 0.0763208 
-0.250543 0.965078 0.0764972 
-0.0473322 0.738692 0.672379 
-0.256616 0.953896 -0.155663 
0.237973 -0.218336 0.946413 
0.956856 -0.217902 0.192213 
0.674984 0.697662 -0.240134 
-0.173842 -0.300438 0.937825 
-0.275563 -0.958931 0.0672005 
0.91172 -0.101752 0.398011 
-0.517944 -0.590036 -0.619348 
0.977477 0.115269 -0.17678 
-0.0540915 -0.254847 -0.965467 
0.851523 -0.381386 -0.359797 
0.0644733 0.269485 -0.960844 
0.237495 -0.573465 -0.78405 
0.0350814 0.107133 -0.993626 
-0.504691 -0.623456 0.597151 
0.155925 0.967703 0.198087 
0.914426 -0.347774 0.207072 
0.828109 -0.346514 -0.44064 
0.73666 0.148239 0.659816 
-0.701957 0.71084 -0.0442935 
-0.769476 0.616239 0.1678 
0.69882 -0.202591 -0.686008 
-0.297819 0.954478 0.0165955 
-0.990676 0.131167 -0.0368394 
0.990565 -0.0721943 0.116488 
0.764704 0.329513 -0.553758 
-0.743595 0.562581 0.361344 
0.28875 0.957102 0.0240538 
0.642819 0.353584 -0.679531 
0.362008 0.867908 -0.340125 
0.795362 -0.370785 0.479497 
0.314429 0.892765 -0.322655 
0.96772 -0.185438 -0.170677 
0.146381 0.959668 -0.240021 
-0.0998643 0.276508 -0.955809 
0.349747 -0.690795 0.632835 
0.985741 -0.132546 -0.103669 
-0.510094 0.599102 -0.617156 
0.812344 0.574753 0.0987746 
0.0312637 0.727533 -0.68536 
0.10928 -0.942078 -0.317092 
0.12379 -0.793692 -0.595591 
-0.176785 -0.891958 -0.416122 
0.255979 0.919928 -0.296999 
0.995554 0.0940792 -0.00459319 
-0.177213 0.100386 -0.979039 
-0.369798 -0.509686 -0.776833 
0.854156 -0.38642 -0.347991 
-0.168222 0.984504 0.0495239 
0.505026 0.310414 -0.805352 
-0.659642 0.751093 0.027074 
-0.0881991 0.990388 0.106546 
0.443153 0.750943 0.489592 
-0.21438 -0.761079 0.612209 
0.895206 0.438016 0.082148 
0.703349 -0.709361 -0.0459017 
0.502821 -0.319995 0.802978 
-0.640809 -0.479781 -0.599312 
-0.97916 0.159534 0.125676 
-0.530888 0.0872059 0.842943 
-0.665138 0.142537 0.73299 
0.659172 -0.191157 0.72729 
0.494088 0.729038 0.473688 
-0.899246 0.0128288 -0.437255 
-0.640462 -0.154218 0.752347 
-0.539718 0.83188 0.129154 
0.14014 -0.853108 -0.502562 
0.176266 0.820092 -0.544408 
-0.972354 0.0149113 -0.233037 
-0.905435 0.355298 -0.232272 
0.978393 0.128007 0.162363 
-0.526601 0.0817357 -0.846174 
0.612275 -0.53924 -0.57822 
0.729084 -0.54655 0.41197 
0.854821 -0.442999 -0.270246 
-0.756544 0.637518 -0.145644 
-0.912874 -0.331853 0.237769 
0.264205 -0.95042 -0.164005 
-0.080012 -0.932722 -0.351609 
-0.130589 0.140583 -0.981419 
0.514673 0.450356 0.729583 
0.0944209 -0.215297 0.971973 
-0.7518 0.32824 -0.571888 
0.88816 0.173879 -0.425368 
0.448497 0.892748 0.0430368 
-0.778105 -0.243003 0.579225 
-0.672419 -0.570938 0.471044 
-0.318349 -0.700132 0.639116 
-0.763386 -0.0129176 0.645814 
0.925817 0.200474 -0.320427 
-0.0371398 0.343579 -0.938389 
-0.414745 -0.372654 0.83013 
-0.239234 -0.422601 -0.874171 
0.733449 0.399501 -0.549956 
0.912516 -0.401279 0.0793053 
-0.909223 0.402349 -0.106906 
0.538407 -0.191009 -0.820752 
-0.67611 0.534341 -0.507302 
0.287235 -0.511243 0.810016 
-0.760302 -0.532706 0.371705 
-0.161885 -0.784165 0.599065 
-0.126636 -0.585999 0.800355 
0.617406 -0.698754 0.36132 
0.803549 0.155654 0.574526 
0.533019 0.600189 -0.596377 
0.940861 -0.291655 0.17239 
0.858518 -0.31755 0.402627 
-0.538504 0.762098 -0.359471 
-0.202741 0.412427 -0.888144 
-0.989082 0.0523581 0.13775 
0.510059 -0.285586 0.811345 
0.242222 0.96164 0.12875 
0.10633 0.82113 0.560748 
0.0238806 -0.947757 0.318098 
0.534464 0.839208 -0.100392 
-0.608946 -0.738368 0.289824 
-0.233962 0.724835 0.647978 
-0.094803 0.755294 0.648494 
-0.221077 0.931158 -0.289949 
0.771535 -0.636168 0.00483876 
-0.0595696 -0.488148 -0.870726 
0.744232 0.234286 -0.625483 
0.311758 -0.237384 -0.92003 
0.0398618 -0.674685 0.737029 
-0.307599 0.333561 0.891134 
0.868795 -0.331286 -0.36803 
0.784753 0.612275 -0.0963428 
0.0065481 0.728163 0.685373 
0.227821 -0.847953 0.478617 
-0.117078 -0.567817 0.814786 
0.561877 -0.569117 0.600333 
0.765737 0.280018 0.578997 
-0.820982 -0.570954 -0.00053754 
-0.85288 -0.467161 -0.233142 
-0.416084 -0.866789 0.274864 
-0.608944 0.33289 0.71998 
-0.646794 0.762364 0.0213973 
0.114245 -0.346326 -0.931132 
0.517276 -0.243457 0.820459 
-0.511406 -0.7959 -0.324048 
0.66315 0.460986 0.589681 
-0.0602271 -0.967004 -0.247538 
0.806195 0.517374 -0.287009 
-0.567044 -0.073102 -0.820437 
0.0852231 0.216706 0.97251 
0.970341 0.0652299 -0.232774 
-0.651764 0.754934 0.0726508 
-0.328353 -0.905743 -0.267981 
-0.741204 -0.547803 -0.38798 
0.787929 0.439808 -0.430972 
-0.896143 -0.270536 0.351764 
0.594826 -0.70237 -0.39097 
-0.817005 0.273921 -0.507415 
-0.573923 -0.81802 0.0381394 
-0.848165 0.21102 0.485888 
-0.0941457 0.766416 0.635408 
0.23849 -0.248193 -0.938895 
0.698685 -0.603556 -0.384134 
0.403021 0.463814 -0.788955 
-0.931671 0.103233 -0.348326 
0.688487 -0.261879 0.676318 
0.264684 -0.943757 -0.198152 
0.800275 -0.346733 -0.48922 
-0.372461 0.908698 -0.188523 
0.846283 0.0396541 -0.531257 
-0.323496 -0.939818 0.10997 
0.520318 0.853623 -0.0244371 
-0.812727 0.541237 0.215726 
-0.313328 -0.940056 -0.134611 
-0.844558 -0.523729 -0.111488 
-0.211216 0.378924 -0.901002 
0.42746 -0.218207 -0.877305 
0.04617 -0.919646 0.390025 
0.311828 -0.871793 0.377809 
0.112902 0.952467 0.282948 
-0.120858 -0.638486 -0.760085 
-0.294934 -0.550446 -0.781039 
-0.0497203 -0.00307099 -0.998758 
0.776621 -0.0222769 -0.629574 
-0.586244 0.384687 0.712976 
0.0409344 -0.995844 -0.081356 
-0.983243 0.123247 -0.134324 
-0.431619 -0.0817379 0.898345 
0.194115 0.345239 -0.918221 
-0.947622 0.318707 0.0209194 
-0.0104399 0.999943 -0.00217269 
-0.91418 0.321497 0.246809 
-0.74445 0.571101 0.345888 
0.789156 -0.536895 0.29829 
0.355728 -0.933942 -0.0347961 
-0.297602 0.554491 0.777157 
-0.680878 0.228979 0.695683 
0.838264 0.526858 0.14048 
-0.116478 -0.790724 -0.600989 
0.317416 0.683256 -0.657578 
-0.305824 0.0673849 -0.9497 
-0.698408 0.0695098 -0.712317 
-0.392262 0.100329 -0.914366 
0.175643 -0.359854 -0.916326 
0.773336 0.227749 -0.591677 
-0.0936703 0.120469 -0.988288 
-0.373868 0.46715 -0.801245 
0.802417 0.566213 -0.188492 
0.363413 -0.544603 0.755869 
-0.500252 0.704277 0.503728 
-0.180662 -0.121009 -0.976073 
-0.580107 0.369152 -0.726088 
0.114352 0.181365 0.976745 
-0.753349 -0.572146 0.324214 
0.613814 -0.75469 -0.231679 
0.0575719 0.481024 -0.874815 
-0.375641 -0.925009 0.0570325 
0.599878 -0.795551 0.0851213 
0.366856 -0.908524 0.2 
-0.877068 -0.347704 -0.331443 
-0.937345 -0.150677 -0.314136 
0.33131 -0.943514 -0.00393941 
-0.723678 0.116495 0.680234 
0.669676 -0.0187596 -0.742417 
-0.195455 0.838115 0.509274 
-0.062726 0.685872 0.725014 
-0.437965 0.876958 0.197818 
-0.337598 -0.931658 0.134319 
0.468811 0.811975 0.347724 
0.427967 -0.729459 -0.533604 
-0.992542 -0.110733 0.0509779 
-0.696195 0.560441 0.448573 
-0.457256 -0.170495 -0.872839 
-0.559833 -0.682438 -0.469963 
-0.228247 -0.435901 0.870571 
-0.357699 -0.87575 0.324213 
-0.465159 -0.493334 -0.735016 
-0.0141695 0.684191 -0.729166 
0.339536 0.919332 0.198854 
-0.00040831 0.0965761 0.995326 
0.219745 -0.340677 -0.914139 
0.924035 0.344948 -0.164833 
0.506432 -0.62974 -0.589028 
-0.336422 -0.78333 -0.5227 
-0.516928 0.177987 -0.837321 
0.454154 0.413505 0.78915 
-0.0968871 0.238302 0.966346 
0.512398 0.855658 -0.0727795 
-0.273649 -0.942357 0.192558 
0.956697 -0.289071 0.0341731 
0.22749 0.845226 0.483572 
-0.000612546 0.591645 0.806199 
-0.876232 -0.309102 -0.369694 
0.963228 0.226255 -0.144913 
-0.149905 -0.928416 -0.339958 
-0.364687 -0.891533 0.26865 
-0.950626 -0.0812582 -0.299512 
-0.911987 0.387545 0.134497 
-0.818492 0.0685921 0.570409 
0.316533 -0.900216 -0.299028 
0.378123 0.870695 -0.314505 
-0.0397804 0.358228 0.932786 
0.924439 -0.0136676 -0.381085 
0.150332 -0.428004 -0.891186 
0.535966 -0.557146 0.634294 
-0.857227 -0.456338 -0.238574 
-0.794256 -0.0304695 -0.606819 
-0.240134 -0.838791 0.488636 
-0.226612 -0.634563 -0.738903 
-0.28152 0.448304 0.848393 
0.142327 0.685956 0.713588 
-0.24849 -0.328842 0.911107 
-0.675052 0.422054 -0.605124 
-0.974305 0.119181 0.191119 
0.731591 0.681665 -0.0103492 
-0.658312 0.57732 -0.483039 
-0.911893 0.0323791 0.409149 
0.214449 -0.975663 -0.045743 
0.179082 -0.405491 -0.896385 
0.828207 -0.490259 -0.271515 
-0.140342 0.911515 0.38658 
-0.607079 -0.69923 -0.377535 
-0.228106 -0.930253 -0.287399 
0.517687 0.740899 0.427865 
0.522376 -0.752366 -0.401334 
0.55134 0.833965 0.0229428 
-0.980107 0.193794 0.0428385 
0.358639 0.358578 0.861859 
-0.316634 -0.632645 0.706756 
-0.912418 0.201571 0.356178 
-0.324895 -0.291498 -0.899707 
0.826277 -0.458152 -0.327664 
-0.519888 0.782257 0.343208 
-0.52283 -0.595879 -0.609572 
0.632859 0.489985 -0.599503 
-0.38914 0.695478 -0.604053 
-0.184473 0.288436 0.939561 
-0.344094 -0.760577 -0.550565 
-0.0428711 -0.908388 -0.415924 
-0.214449 -0.12549 0.96864 
0.582494 -0.743812 0.327787 
0.996994 -0.0378614 0.0676035 
-0.228112 -0.236898 0.944375 
0.975575 -0.0117427 -0.219352 
-0.949953 -0.284608 -0.128793 
-0.44316 0.283871 0.85031 
0.357084 0.322802 -0.876522 
0.755249 0.240888 0.609567 
-0.416295 -0.793615 0.443704 
-0.00155698 -0.616575 0.787295 
-0.262063 0.661895 -0.702295 
-0.443291 0.0671349 -0.89386 
-0.0196035 0.36924 0.929127 
0.131727 0.477359 0.868779 
-0.947547 -0.0571603 0.314465 
-0.524957 -0.156964 0.83653 
-0.443299 0.606638 -0.659906 
-0.0766617 -0.864154 0.497354 
-0.381695 -0.294636 0.87607 
-0.591887 0.06318 -0.803541 
0.700509 -0.687856 -0.190109 
-0.208159 -0.49798 -0.841835 
0.947295 -0.114743 -0.29911 
-0.289897 -0.87438 -0.389126 
0.0913003 0.91398 -0.395354 
0.505781 0.730701 -0.458543 
-0.374046 -0.180918 0.909592 
0.400266 0.302105 -0.86517 
0.13036 0.989545 0.0617007 
0.0332128 0.939004 0.3423 
0.625127 -0.768166 -0.138336 
-0.967055 -0.248437 -0.0555254 
0.266144 0.960331 -0.0832584 
-0.136298 -0.760829 0.634478 
-0.756072 0.583938 -0.295586 
0.746031 0.565228 -0.352073 
0.587851 -0.716212 -0.376127 
-0.617703 0.409376 -0.671457 
0.423433 0.859441 0.286472 
-0.219371 0.315071 0.923367 
0.591123 0.0600905 -0.80434 
-0.744471 -0.131138 -0.65465 
0.533645 -0.823103 0.194225 
0.535609 -0.693651 -0.481633 
-0.304465 0.89401 0.328706 
0.13385 0.879922 -0.455874 
-0.148892 0.669635 -0.727613 
-0.965963 0.187325 0.178396 
0.80616 0.430659 -0.405758 
0.267617 -0.690989 -0.671502 
0.982075 -0.0581694 -0.179292 
0.325979 -0.827191 0.457703 
0.891446 -0.0558427 -0.449674 
-0.717837 -0.43041 -0.547227 
0.567142 -0.407816 0.715567 
0.165995 0.983026 0.0781364 
-0.628429 0.470049 0.619783 
0.54574 0.706125 -0.451171 
-0.48372 -0.683539 -0.546616 
-0.417929 -0.872558 -0.252938 
0.128562 0.163911 0.978062 
0.309605 0.0975776 -0.945845 
0.395267 0.85287 -0.341141 
-0.836328 -0.0248888 0.547665 
0.699674 -0.708529 -0.0918786 
0.0609592 -0.994725 -0.0825044 
0.726994 -0.0667123 -0.683395 
-0.155465 -0.247602 -0.956307 
-0.948763 -0.120386 0.292157 
0.123244 -0.348567 -0.929146 
0.579673 -0.802439 -0.141675 
0.215898 -0.954294 0.206669 
-0.965229 0.247296 -0.0847162 
0.13576 -0.170015 0.976045 
0.948257 -0.281754 -0.146365 
0.15782 -0.0120536 0.987394 
0.425634 -0.488225 -0.761887 
0.6095 0.791549 -0.0442765 
0.328536 0.645944 -0.689072 
0.911986 0.379914 -0.154746 
0.678275 -0.275318 -0.681281 
-0.35396 0.926938 -0.12449 
-0.777322 0.133676 0.614737 
0.731204 0.0694243 0.678617 
-0.879242 -0.172067 -0.444214 
-0.671669 -0.580722 0.460024 
-0.198276 0.291581 0.935771 
-0.0948417 0.379009 0.92052 
0.997875 -0.0549802 -0.0349656 
0.302572 -0.708101 -0.638 
-0.759621 0.59359 -0.265758 
0.0703709 0.867532 -0.492377 
0.149662 0.965265 -0.214159 
0.450139 -0.402138 0.797283 
0.663791 -0.343423 -0.664411 
-0.421515 0.905243 -0.0534856 
-0.900156 0.354686 0.252818 
-0.378348 0.925452 -0.0197795 
0.527015 0.580023 0.621151 
0.273543 -0.824707 -0.495008 
-0.290879 0.922253 -0.254636 
-0.696199 0.697412 -0.170069 
-0.249172 -0.833778 0.492674 
0.563641 -0.324307 -0.759693 
-0.345844 0.666495 0.660437 
0.863591 -0.0716197 0.49908 
0.348991 -0.00607221 0.937107 
-0.0242165 0.54776 0.836285 
-0.938241 -0.264383 0.223172 
-0.645122 0.520758 -0.559131 
-0.0500689 0.544296 -0.837398 
0.374125 -0.270503 -0.88705 
0.458785 0.491566 0.740188 
0.43412 -0.568596 0.698741 
0.294102 0.181532 -0.938376 
0.619527 0.306862 0.72251 
-0.636137 -0.610891 0.47132 
0.14045 0.575764 0.805463 
0.305018 0.326171 -0.894749 
0.951929 0.243147 0.186307 
-0.0266629 0.0787212 -0.99654 
0.654597 -0.750008 0.0948197 
-0.27731 0.256634 0.925872 
-0.947169 -0.297645 0.119489 
0.549022 0.834286 -0.050416 
0.189017 0.245011 -0.950917 
0.192933 -0.973052 -0.126278 
-0.288137 0.889165 0.355475 
-0.118221 0.613552 0.780754 
-0.409017 -0.0321172 0.911961 
-0.808028 0.587309 -0.0464671 
-0.165825 0.761058 0.62713 
-0.562981 0.687009 -0.459424 
0.458825 0.552155 0.696135 
-0.0838109 -0.718343 0.690622 
0.3608 -0.115183 0.925503 
0.143473 0.728142 -0.670242 
-0.639755 0.618505 -0.45625 
0.987905 0.0844489 0.130047 
0.447336 -0.783172 -0.431893 
-0.872043 -0.29523 0.390359 
-0.33629 -0.857664 -0.389001 
0.685731 0.347678 0.639447 
-0.844529 -0.133581 -0.518582 
-0.0735347 -0.776075 -0.626339 
-0.397728 -0.156178 -0.904113 
-0.804883 0.210541 -0.554829 
-0.924102 -0.354125 -0.143632 
-0.697455 0.678572 0.230428 
-0.0835142 -0.493775 0.86557 
0.901407 0.0790547 -0.425695 
-0.358527 -0.849897 0.386179 
0.482078 -0.759295 -0.437118 
-0.671341 0.635372 -0.381582 
-0.342967 -0.673006 -0.655314 
0.0682829 0.507964 -0.858668 
-0.391624 -0.913503 0.110193 
-0.216856 0.0340003 -0.975611 
-0.653373 0.60449 0.455737 
0.794761 0.302419 0.526211 
-0.153571 0.967473 0.201029 
0.476036 0.0990362 -0.873832 
-0.493799 -0.867854 -0.0547039 
0.0511865 0.976137 0.211039 
0.0253396 -0.816915 -0.576201 
0.349753 -0.918836 0.182793 
0.155818 0.987084 0.0372362 
-0.809488 0.558578 0.180887 
-0.92634 -0.183162 -0.329159 
0.151286 0.109659 -0.982389 
-0.817197 0.571637 -0.0736163 
-0.786298 -0.158642 0.597133 
0.905864 -0.339582 -0.253169 
-0.719564 -0.667193 0.192564 
0.955832 0.169554 -0.240077 
-0.932054 0.153611 -0.328144 
0.956154 -0.208683 -0.205477 
-0.391769 -0.544562 -0.741599 
-0.206047 0.223217 0.952743 
-0.452393 -0.27957 0.846866 
-0.97998 0.0566252 0.190872 
0.38283 0.0150559 0.923696 
-0.201944 0.507725 0.837517 
-0.999065 0.0190885 -0.0387982 
-0.529835 0.846265 0.0557641 
-0.3095 0.157666 -0.937737 
-0.922886 0.329667 0.199001 
0.181782 0.966335 0.182076 
0.0128955 0.961455 -0.27466 
-0.0100502 0.996248 0.0859588 
-0.119953 0.236301 -0.964247 
0.994876 -0.095945 -0.0318796 
-0.774556 0.159961 -0.611945 
-0.652419 -0.755847 0.0551798 
0.572182 0.210932 0.792537 
-0.518589 0.853116 0.0570831 
-0.428981 -0.572847 -0.698443 
-0.1515 0.173988 -0.973024 
0.478396 -0.370695 -0.796067 
-0.298367 0.516704 -0.802493 
-0.731019 -0.0837737 -0.677195 
-0.943201 0.299887 -0.142965 
0.624677 -0.774553 -0.0992305 
0.766508 0.631414 -0.117399 
0.102317 -0.487126 -0.867318 
-0.321031 0.933209 0.161434 
-0.602411 0.681837 -0.41497 
0.0423586 -0.403118 0.914167 
-0.83938 -0.121192 0.529862 
-0.391957 -0.826774 -0.403502 
0.55452 0.803287 -0.217341 
-0.524465 0.337777 -0.781564 
-0.361762 -0.0103173 0.932214 
0.980476 0.175854 0.0879907 
-0.464685 -0.182889 -0.866383 
0.55706 0.22113 0.800491 
-0.532248 0.823774 0.195216 
0.986484 -0.069469 -0.148403 
-0.209666 -0.872469 0.441404 
0.687282 0.316265 0.653927 
-0.0877524 -0.744052 0.662334 
0.517185 -0.832428 0.198954 
0.600735 0.685489 -0.411365 
-0.543982 -0.828296 0.134199 
-0.847381 -0.52401 -0.0857835 
0.189091 0.634611 -0.749342 
0.267046 0.557149 -0.786302 
0.744291 0.631012 0.218759 
0.804027 -0.463838 -0.372014 
-0.561742 -0.726536 0.395715 
0.834502 0.211594 0.508758 
0.448954 0.0979645 0.888169 
-0.356411 -0.273813 -0.893307 
-0.146037 0.814729 -0.56115 
0.129381 -0.339179 0.931782 
0.278006 -0.775997 0.566164 
-0.108965 0.98396 0.141243 
0.983597 0.179842 0.0139391 
0.97033 -0.0167022 0.241205 
-0.83377 0.548797 -0.0604052 
0.485707 0.55097 0.678616 
-0.630426 -0.734548 -0.251003 
0.595738 0.157332 -0.787618 
-0.459896 -0.76505 -0.450771 
-0.521557 -0.569074 -0.635715 
0.961006 0.249865 -0.118468 
-0.143972 0.0625268 -0.987604 
0.0394878 0.988027 -0.149144 
0.748758 0.474978 -0.462339 
-0.153775 -0.988061 0.00936639 
0.775642 0.0940456 -0.624128 
-0.501189 0.630183 -0.593026 
0.233148 0.944528 -0.231319 
-0.381182 0.817307 -0.4321 
-0.303975 -0.490749 -0.816556 
-0.937737 0.206514 0.279288 
-0.909812 0.329228 0.252688 
0.723389 -0.641317 0.255775 
0.547199 -0.773441 0.319942 
-0.909698 -0.364412 0.199132 
-0.402104 -0.432914 0.806783 
-0.437889 0.190461 0.878623 
0.574635 0.00893744 0.818361 
0.213855 0.896126 -0.388875 
0.0476965 0.885 0.463142 
-0.936936 -0.267728 0.224661 
0.966594 -0.203096 -0.156361 
0.989746 -0.0969873 -0.104865 
0.147053 0.482417 0.86351 
-0.0796325 0.993447 -0.0819853 
-0.0449804 0.994479 -0.0948067 
0.804478 0.430392 -0.409363 
-0.643602 0.123243 -0.755373 
0.504971 -0.800701 -0.322308 
-0.685447 -0.6836 -0.250708 
0.392036 -0.388106 -0.834075 
0.801764 0.308033 -0.512143 
-0.226471 -0.509897 0.829889 
-0.263677 -0.944532 0.195792 
-0.941101 0.222288 -0.254786 
0.725074 -0.558329 -0.403157 
-0.769763 0.611295 -0.183802 
-0.11115 0.327342 -0.938346 
-0.768976 -0.33827 0.542448 
0.201401 0.976753 0.0734278 
0.0349297 -0.686693 0.726108 
-0.649777 0.743218 -0.159426 
0.709092 0.609318 -0.354853 
0.307936 -0.91983 0.243082 
-0.408222 0.238981 -0.881046 
0.89085 -0.420899 0.170968 
0.0937046 0.698037 0.709904 
0.762002 -0.594742 -0.256191 
0.390226 -0.837455 0.382614 
-0.256943 -0.873965 0.412512 
-0.446469 -0.88898 -0.101884 
-0.803771 0.590095 -0.07576 
-0.0461412 -0.0905935 0.994818 
-0.725465 -0.463746 -0.508566 
0.991217 -0.132119 0.00571209 
0.976538 0.21514 -0.00944332 
0.0414551 -0.596413 -0.801606 
0.863145 0.28641 -0.415872 
0.517225 0.387853 0.762921 
0.712958 0.69845 -0.0621202 
0.258726 -0.754926 -0.602618 
-0.978299 0.0403553 0.203232 
0.8963 0.360813 0.257798 
-0.887703 -0.439768 0.136334 
0.907363 -0.378646 0.182538 
0.796697 0.442668 -0.411484 
-0.492429 -0.86158 -0.123259 
0.929108 0.225031 -0.29346 
-0.188885 0.979719 0.0668743 
-0.366963 -0.929712 -0.031202 
-0.13757 -0.989296 -0.0486605 
0.00591455 -0.374285 0.927295 
-0.749075 -0.110142 0.653265 
0.291136 -0.463312 0.837008 
-0.185579 -0.932259 0.31057 
0.351405 0.445483 -0.823444 
-0.696716 -0.525426 0.48838 
0.10304 -0.212141 0.971792 
-0.879653 -0.268529 0.392558 
0.41955 0.90742 0.0238184 
0.142746 0.635025 0.759189 
-0.967398 -0.253136 -0.00799474 
0.794182 0.596367 -0.116712 
-0.0514172 -0.269089 -0.961742 
-0.496575 0.480731 -0.722711 
0.146547 -0.201819 -0.968397 
0.205758 0.789952 -0.577616 
-0.216391 -0.004036 -0.976299 
-0.94512 -0.322019 0.0552356 
0.943572 0.313837 -0.105731 
-0.886418 -0.0642125 0.458409 
-0.478832 -0.28993 0.82865 
-0.216516 0.671894 -0.708293 
0.913736 -0.0311177 -0.405116 
-0.89857 0.316615 -0.303854 
-0.291404 0.0311665 -0.956092 
0.953156 -0.201067 0.225976 
-0.626215 -0.263995 -0.733595 
0.346967 -0.735793 -0.581569 
0.53624 -0.818988 -0.204218 
-0.57491 0.571083 -0.585955 
0.708464 -0.664744 -0.237053 
-0.399691 0.0576969 -0.914832 
0.843011 0.479032 -0.244666 
-0.584731 0.294205 -0.755998 
0.790641 -0.473789 -0.387829 
0.044957 -0.983507 -0.175193 
-0.308348 0.731492 0.608146 
-0.734937 0.42256 -0.530386 
-0.815961 0.540767 -0.204397 
0.33748 0.789184 0.513123 
-0.174018 0.812105 -0.556959 
0.190516 -0.0308187 0.9812 
0.0733323 -0.985454 0.153308 
-0.478893 -0.863015 0.160827 
-0.742487 -0.286313 0.605589 
0.320876 -0.44361 -0.836809 
-0.396477 -0.915819 -0.0638846 
0.874666 0.118087 -0.470123 
-0.0956739 -0.82536 0.556442 
0.820486 -0.258625 0.509819 
-0.990319 -0.0737967 -0.11757 
-0.548793 0.117164 -0.827707 
0.886249 0.438059 -0.150557 
0.690878 -0.202511 0.69403 
-0.275782 0.920254 0.277625 
0.525849 -0.0198371 0.850347 
-0.650289 -0.336451 0.68112 
-0.971227 0.120293 -0.20554 
0.0577208 0.906333 0.418604 
-0.857576 0.309826 0.410574 
0.297226 0.51132 0.806355 
0.538324 -0.802216 -0.258179 
0.265923 0.895204 -0.357623 
-0.976725 0.209088 0.0478646 
-0.889986 0.0833202 0.448311 
0.349014 -0.850164 0.394222 
-0.478606 -0.43677 0.761688 
0.0997415 0.787969 -0.607583 
-0.729867 0.64908 0.214452 
-0.960601 0.169141 0.220539 
-0.559843 -0.340308 -0.75549 
-0.750912 0.560769 -0.348811 
0.721913 -0.0624044 0.689164 
0.54526 -0.449037 -0.707854 
0.419831 0.877931 -0.230172 
0.461996 -0.797272 -0.38848 
0.0122062 0.564231 0.825527 
0.61594 0.775953 0.136069 
0.946775 -0.133219 -0.293034 
-0.61668 -0.204971 -0.760061 
-0.657704 -0.751398 0.0531552 
-0.116029 0.133826 -0.984189 
0.350954 -0.923826 -0.152895 
0.795258 -0.593929 0.121709 
0.138514 0.224504 -0.964578 
-0.952014 -0.0815736 0.294982 
-0.532533 -0.773714 0.343185 
0.459048 0.747772 0.4797 
-0.168191 0.672393 -0.720833 
0.111092 0.652797 -0.749343 
-0.850075 0.526155 0.0231005 
0.822555 0.559544 0.101555 
-0.550612 -0.731454 -0.402245 
-0.716097 -0.305976 -0.627363 
0.180612 0.983427 0.0158075 
0.038461 0.454716 0.889805 
0.330557 -0.943611 0.018183 
0.355941 0.928655 -0.104427 
-0.566475 -0.513744 -0.644339 
0.239277 -0.883359 0.403017 
0.561471 -0.770751 0.301153 
0.409641 0.289826 -0.864983 
0.952661 0.104602 -0.285475 
-0.188551 0.0600699 -0.980225 
-0.99963 0.0206524 -0.0177259 
0.693892 -0.580801 0.425658 
-0.700583 0.509816 -0.499271 
0.15774 0.340862 -0.926786 
0.00189331 -0.377039 0.926196 
-0.103634 -0.715077 -0.691321 
-0.645294 0.472565 0.600232 
-0.212201 0.413766 -0.885307 
-0.427869 0.903324 0.0305621 
-0.331954 -0.881161 0.336693 
0.19115 -0.82182 0.536725 
-0.823283 0.428061 -0.372785 
-0.549758 -0.612753 0.567714 
0.690238 -0.65382 -0.309985 
-0.0766646 0.131445 0.988355 
0.210316 0.820007 0.532311 
0.0803768 -0.425257 -0.901496 
-0.258119 -0.0236643 0.965823 
-0.788741 0.613299 -0.0418576 
-0.00196147 0.431112 -0.902296 
-0.811457 0.310933 -0.494831 
0.403181 -0.899443 0.168664 
-0.453246 -0.721482 0.523481 
0.981175 0.059853 0.183612 
0.158618 -0.888239 0.431129 
0.484467 -0.330912 0.809808 
-0.515437 0.823558 -0.236804 
0.0649739 -0.939005 -0.337709 
-0.930282 -0.299283 0.212146 
-0.100679 -0.132477 -0.98606 
0.462425 -0.0639308 -0.88435 
0.441212 0.54295 -0.714519 
0.898448 0.116562 -0.423325 
-0.321942 0.782185 0.533423 
0.244829 0.479487 0.842705 
0.544974 0.21256 -0.811062 
-0.866154 -0.279302 -0.414448 
-0.9899 -0.134381 -0.0451523 
0.199208 0.483191 -0.852551 
0.841542 -0.539731 -0.0223241 
-0.477104 0.271492 -0.835862 
-0.338007 0.878258 -0.33825 
-0.214463 -0.689217 0.692088 
-0.520462 -0.831879 0.192607 
-0.754926 -0.462597 0.464855 
0.38458 0.0459241 0.921949 
0.331767 0.00609079 0.943342 
0.0648522 0.99485 0.077899 
0.385128 0.890078 -0.243798 
-0.383537 -0.152673 -0.910819 
0.307429 -0.828223 -0.468545 
0.82646 -0.481915 0.291071 
0.808488 -0.120638 0.576015 
0.501236 0.677523 0.538262 
0.388186 0.0537006 -0.920015 
-0.791038 0.134189 0.596868 
0.251563 -0.675793 -0.692834 
0.564209 -0.506393 -0.6521 
-0.852041 0.0358335 -0.522248 
0.545581 -0.363789 0.754983 
0.697333 -0.00369762 -0.716737 
-0.909882 -0.3564 0.212353 
0.247113 -0.497105 -0.831758 
-0.315358 0.318332 0.893987 
-0.648125 0.169756 -0.742373 
-0.0908453 -0.535759 0.83947 
-0.268443 -0.356801 -0.89478 
0.346284 0.578827 -0.738273 
-0.229009 -0.462888 -0.856323 
0.375153 -0.811189 -0.44859 
-0.176881 -0.980889 -0.0810534 
-0.343851 -0.30908 0.886699 
-0.00612032 0.782167 -0.623039 
0.512253 -0.716703 0.473216 
-0.126398 -0.488243 -0.863506 
0.822615 0.250936 0.510231 
-0.164725 -0.462113 0.871388 
0.572594 0.550389 0.607626 
0.513312 0.406283 -0.75594 
0.573878 -0.747189 -0.335219 
-0.821215 -0.566704 0.0667252 
0.818317 0.520176 -0.244485 
0.692391 -0.345421 -0.633466 
0.347426 -0.709038 0.613646 
-0.100382 -0.933107 0.345303 
-0.179572 0.390742 -0.902815 
-0.293593 -0.763171 0.57565 
0.908243 -0.418287 0.0114167 
-0.101159 0.346288 -0.932658 
-0.571581 0.517978 0.636391 
0.342271 0.864617 0.367816 
0.556439 -0.791363 -0.25322 
-0.585763 0.424225 -0.69059 
-0.0566887 0.966039 0.252102 
-0.443629 -0.159638 -0.881878 
0.611685 -0.186962 0.768691 
0.350376 0.891925 -0.285841 
0.703245 -0.142676 0.696484 
0.44197 0.134164 0.88694 
0.613993 0.670718 -0.416112 
0.276396 -0.678851 0.68027 
-0.955426 -0.0336119 0.293311 
0.0520699 -0.939922 -0.337396 
0.1821 -0.389821 -0.902707 
-0.83045 -0.523744 -0.189859 
0.924631 0.29131 0.24535 
0.680744 0.565432 0.465698 
-0.791041 0.608816 -0.0599724 
0.98281 -0.073977 0.169151 
-0.492336 -0.149571 0.857458 
0.0181332 0.64126 -0.76711 
-0.57319 -0.321961 0.753521 
-0.465941 -0.6 -0.650307 
0.601083 -0.515459 0.610739 
-0.340451 0.626264 0.701347 
-0.498489 0.493932 0.712418 
0.321419 -0.245275 0.91462 
-0.928979 0.344048 -0.136488 
-0.583369 0.297104 0.755917 
0.678781 0.563365 0.471038 
0.887123 -0.456636 -0.0670498 
0.149116 -0.263137 -0.953165 
0.458327 0.358932 -0.813083 
0.779235 -0.243993 -0.577288 
0.773594 0.517508 -0.365702 
0.461892 -0.760665 -0.456118 
0.775692 0.328564 -0.538839 
-0.442225 0.851789 0.280879 
0.699176 -0.114729 -0.705684 
-0.032548 0.950895 0.307798 
0.0301586 0.953369 -0.300297 
-0.496628 0.703294 -0.508663 
-0.405781 0.757099 -0.511999 
0.642657 -0.744284 -0.181751 
-0.838516 -0.268701 0.474015 
0.567683 0.0033729 -0.82324 
-0.82863 0.515291 0.218741 
-0.109663 0.376658 0.919839 
-0.99768 -0.0651 -0.0198971 
0.851146 -0.521237 0.0621451 
0.349981 0.720931 -0.598141 
-0.559678 0.608125 0.562978 
0.286112 -0.736256 0.613243 
-0.242652 0.725699 0.643802 
-0.312758 -0.769693 0.556557 
-0.727707 -0.137443 -0.671976 
0.145978 0.0718684 0.986674 
-0.0571308 -0.227919 0.972003 
-0.62755 0.746298 -0.221855 
0.739057 -0.506737 -0.44386 
-0.151304 0.820888 0.550681 
0.618808 -0.380225 0.687391 
0.837682 0.517068 0.175865 
-0.493349 0.322114 -0.807991 
0.654611 -0.747877 -0.110292 
0.639511 -0.763732 -0.0879727 
-0.612898 0.506846 -0.606187 
-0.896973 0.154543 0.414192 
0.0654021 0.990227 -0.12318 
0.396953 0.917735 -0.0138499 
0.00986746 -0.977232 0.211944 
-0.63788 -0.497528 0.587856 
0.419467 -0.574498 -0.702851 
0.423381 -0.86882 -0.256712 
0.583411 0.155508 -0.79715 
0.998727 -0.0451342 0.0225299 
-0.214297 0.965994 -0.144681 
-0.314009 0.401946 0.860138 
0.229485 0.957205 -0.176339 
-0.363282 0.450737 -0.815391 
-0.258032 0.599401 -0.757719 
-0.112445 -0.974907 -0.192126 
-0.175447 -0.442315 -0.879532 
0.728881 0.684619 -0.00532123 
-0.900243 0.406547 -0.155826 
0.512116 -0.328598 -0.793575 
-0.882386 -0.451677 0.131846 
-0.546723 -0.212255 0.809964 
-0.107644 -0.936229 -0.334496 
0.571928 0.587345 -0.572647 
0.98531 -0.167339 0.0340747 
-0.380588 -0.702991 0.600797 
0.746143 0.0411309 -0.664514 
-0.986333 -0.129778 0.101511 
0.0567945 0.987499 0.147035 
0.938654 -0.311141 0.148727 
-0.884043 0.262414 0.386791 
0.907169 0.281921 0.312353 
0.690004 -0.670127 0.27354 
-0.0745164 0.973294 0.217132 
0.0748486 0.950078 0.302903 
0.900384 -0.144106 0.410538 
0.267047 -0.944133 0.19313 
-0.482165 -0.323803 -0.814045 
0.29561 0.629951 0.718175 
0.139336 0.777036 -0.613841 
0.155912 -0.973935 -0.164749 
-0.355971 -0.0389628 -0.933684 
0.167759 0.513039 0.841812 
0.4282 -0.40856 0.806054 
-0.703241 0.578535 -0.413218 
0.88189 -0.430703 -0.191744 
0.264338 -0.67898 0.684917 
-0.85833 0.452996 0.240963 
0.593455 0.699181 0.398693 
-0.839791 0.536149 0.0854143 
0.566643 0.435515 0.699458 
-0.955362 0.287309 -0.0688184 
0.901971 0.392467 -0.180048 
0.907451 -0.342142 0.243868 
-0.957482 -0.118976 0.262817 
0.77883 0.627234 0.000933795 
-0.181641 0.915656 -0.358582 
0.0275609 0.765151 -0.643261 
0.562399 -0.743837 -0.361128 
-0.447185 -0.80918 0.381121 
0.978427 -0.11298 0.172963 
-0.888066 0.0974576 -0.449267 
0.637277 0.162518 -0.753304 
0.655437 -0.749144 -0.0958376 
-0.94891 0.287835 -0.129308 
0.211614 0.504861 0.83686 
0.622297 0.662866 -0.41636 
0.61286 -0.595584 -0.51931 
0.951847 0.206766 0.22635 
0.472748 0.360816 0.803941 
0.292694 -0.179713 0.939166 
0.52347 -0.851623 -0.026773 
-0.324504 0.816237 -0.477968 
-0.629747 0.671915 0.389806 
0.260247 -0.45518 0.851518 
0.882718 -0.416087 -0.218357 
0.73714 -0.565806 0.369444 
0.619014 0.119522 -0.776232 
0.920914 0.0969043 0.377528 
0.734184 -0.196264 0.649965 
0.455294 0.318453 -0.831441 
-0.953351 -0.140151 0.267356 
0.362104 -0.930294 0.0585965 
0.287748 -0.910183 0.297939 
0.176154 0.484114 -0.85709 
-0.78159 0.284311 -0.555234 
0.790135 0.580673 -0.196227 
0.79397 -0.127092 -0.594524 
-0.315419 0.775842 0.546424 
-0.868348 -0.0593713 -0.492389 
-0.740288 -0.0939893 -0.665687 
-0.561716 -0.167971 -0.8101 
-0.125276 0.862367 0.49054 
0.00975616 -0.337935 -0.941119 
0.668174 0.186558 -0.720236 
-0.315256 -0.93738 -0.148096 
0.727342 -0.651726 -0.215005 
-0.693534 0.578492 0.429369 
-0.141902 -0.987611 -0.0669978 
0.593825 -0.795998 -0.117302 
0.956645 -0.17631 -0.231828 
0.615724 -0.573926 0.539901 
0.111433 0.0678568 -0.991453 
0.581941 -0.416774 0.698316 
-0.577581 -0.0831662 0.812086 
0.803568 -0.277142 0.526754 
-0.594499 -0.569457 -0.567706 
-0.835945 0.313865 0.450205 
-0.816469 0.390937 -0.424908 
0.000102306 0.901767 0.432223 
-0.599621 -0.0176396 -0.80009 
0.58924 -0.763697 0.26375 
0.679694 0.302143 -0.668375 
0.448461 0.876415 0.175439 
-0.820372 0.238648 0.519651 
-0.745899 0.632217 0.209613 
-0.604312 0.748454 -0.273172 
-0.782178 -0.491009 -0.383547 
0.358109 0.382833 0.851585 
0.0886953 -0.985428 0.145139 
0.850772 -0.519223 0.0812073 
-0.902153 0.426343 0.0659686 
-0.154381 -0.52292 -0.838285 
-0.449087 -0.0868401 -0.889258 
0.204612 0.866227 -0.455834 
-0.0417895 -0.709245 0.703723 
0.860549 -0.481676 0.165664 
0.515053 0.00647306 -0.857134 
0.285306 -0.433835 -0.854627 
-0.835074 -0.123922 0.536 
-0.30414 -0.693315 -0.653309 
0.600457 -0.774979 0.197126 
-0.338417 -0.936966 0.086995 
-0.44862 -0.604441 -0.658325 
-0.405273 0.831144 0.380727 
0.890261 -0.321554 -0.322549 
-0.492605 -0.774223 -0.397391 
0.358469 0.904499 0.231044 
-0.243619 -0.15174 0.957927 
-0.758033 0.00636778 -0.652185 
-0.352169 0.925033 0.142448 
0.4424 -0.800765 -0.403805 
-0.293199 -0.199129 0.935084 
-0.976835 0.173336 -0.125488 
-0.644379 -0.748651 -0.155876 
-0.383477 0.538297 0.750454 
-0.162763 0.739113 -0.653621 
0.911224 0.411833 -0.00798874 
0.585395 0.510587 0.629773 
-0.789513 0.597572 0.139917 
0.861305 -0.0224659 0.507591 
-0.630591 0.388204 0.672051 
-0.163184 0.985344 0.04968 
0.107391 -0.96043 0.256985 
0.218314 0.779754 0.58679 
-0.745056 -0.188815 0.639719 
0.762432 -0.427325 0.485891 
-0.632062 -0.627642 -0.454493 
-0.561283 -0.668588 0.487802 
-0.166916 0.149466 0.974576 
-0.0697063 -0.244248 -0.967204 
0.717691 -0.244838 0.6519 
0.600352 0.795061 0.0863449 
0.377223 0.829236 0.412396 
0.716566 0.0428847 -0.6962 
0.115833 -0.207778 -0.971293 
0.932445 0.0657477 0.355278 
-0.891305 0.406727 -0.200374 
0.157146 -0.981259 -0.111514 
-0.127443 -0.919965 -0.370707 
0.727657 -0.525857 0.440444 
-0.126001 0.14186 -0.981835 
-0.22552 0.101512 -0.968936 
-0.591462 -0.417788 0.689657 
-0.816461 -0.573807 0.0643143 
0.973708 -0.130628 0.186623 
0.19409 -0.881162 0.431141 
-0.292876 0.861272 0.415253 
0.901079 -0.0381056 0.431977 
0.0772484 -0.996903 0.0147174 
0.542337 0.539649 -0.643933 
-0.114901 -0.975122 -0.189566 
0.792911 0.102519 0.600651 
-0.392562 -0.230351 0.890412 
0.569116 -0.46339 0.679247 
0.352578 -0.859598 -0.369837 
0.108086 0.914377 -0.390169 
-0.71198 0.578503 0.39802 
-0.9961 -0.000959885 -0.0882263 
-0.415395 0.862331 0.289538 
-0.0539028 0.0487959 -0.997353 
0.909352 -0.293107 -0.295239 
0.0840155 -0.745842 -0.660804 
0.512362 -0.774656 -0.370666 
0.648944 0.722651 0.238008 
-0.693597 -0.41889 0.58605 
-0.970256 -0.0538786 -0.236009 
0.957882 0.219596 0.185038 
-0.537047 0.786644 0.304584 
-0.809121 0.587641 -0.00126229 
-0.397941 -0.392568 -0.829176 
-0.69932 0.139866 0.700991 
0.416377 -0.391813 -0.820435 
-0.73086 -0.677311 0.0842245 
-0.307429 -0.916308 0.256646 
-0.56927 -0.677631 -0.465562 
0.156253 0.97744 -0.14211 
0.358 -0.119993 -0.925979 
-0.2537 -0.251399 0.934042 
-0.103677 -0.118104 0.987574 
0.322988 0.390362 -0.862146 
-0.168763 0.326787 0.929908 
0.879166 0.355106 -0.317752 
-0.857723 -0.433909 0.275744 
-0.533347 -0.563237 -0.631114 
0.0649274 -0.482373 0.873556 
-0.161824 -0.588476 0.792155 
0.933831 0.210069 -0.289536 
-0.714819 -0.488302 0.500595 
0.114955 0.992866 0.0316555 
-0.105756 -0.377639 -0.919894 
-0.0746608 -0.953305 -0.292636 
0.48369 -0.470046 -0.738309 
-0.131509 0.0392969 0.990536 
-0.333206 0.307557 0.891281 
0.254242 0.829953 0.496527 
-0.47472 0.379408 -0.79416 
-0.249811 0.763314 0.595774 
-0.113453 0.993483 0.0109472 
0.0873026 -0.147038 0.985271 
-0.973008 -0.0595126 -0.222964 
0.309903 0.132763 0.941453 
0.445159 0.72533 0.5251 
-0.511673 0.66172 -0.548012 
0.227845 -0.495025 -0.838473 
-0.81552 0.0552612 0.576084 
0.492847 0.424275 0.759666 
0.182921 0.534936 -0.824854 
0.33517 0.456097 -0.824401 
0.535137 0.214016 0.817206 
0.618289 0.253024 0.744109 
-0.575674 0.51399 0.635935 
-0.132973 -0.5389 -0.831808 
-0.56962 -0.658388 -0.491993 
0.833549 0.524814 0.172526 
0.275331 -0.793218 -0.543138 
0.532242 -0.397455 0.747494 
-0.559124 0.621624 0.548603 
-0.305132 0.94895 -0.0799236 
-0.790331 0.603208 0.107319 
0.172289 -0.304894 0.936673 
0.632503 -0.413812 -0.654751 
0.853116 -0.513711 -0.0910746 
-0.3675 0.560064 -0.742477 
0.792548 0.5734 -0.207558 
0.324267 -0.859047 -0.396092 
-0.265825 -0.315608 0.910895 
-0.678533 0.543759 -0.493882 
-0.715068 -0.597031 -0.363637 
0.0699661 -0.82861 -0.555436 
0.976372 -0.0537701 -0.209302 
0.0630664 0.605178 0.793588 
0.636505 -0.319848 0.701825 
0.922619 0.283841 0.261167 
0.950492 0.142366 0.276219 
0.496211 -0.843292 -0.206481 
-0.0776949 0.994262 -0.0735339 
0.996843 -0.0578298 0.0544035 
0.604787 -0.695407 0.388125 
0.611255 -0.710282 0.349094 
0.0883696 0.830427 0.550074 
0.133235 0.405834 0.904183 
0.764019 -0.604593 -0.225263 
0.62616 0.506993 -0.592353 
-0.497764 -0.211615 0.8411 
0.468281 -0.456875 -0.756292 
-0.409706 -0.759351 0.505496 
-0.407569 0.672717 0.617527 
-0.528922 -0.846213 -0.0645342 
-0.323302 -0.722265 0.611399 
0.912432 -0.231336 0.337566 
0.911499 -0.405537 -0.0686223 
0.812323 0.571762 -0.11498 
-0.47188 -0.626226 -0.620621 
0.301816 -0.698376 -0.648983 
0.623876 0.721759 -0.299739 
-0.360801 -0.823194 -0.438376 
-0.987785 -0.136737 -0.074726 
0.79846 0.51785 0.307072 
0.355326 0.652721 -0.669103 
-0.0253792 0.569406 -0.821665 
0.548729 0.649148 -0.526786 
0.457809 -0.736858 0.497445 
-0.347751 0.803183 -0.483701 
-0.965172 0.0906403 0.245412 
-0.791996 0.0688493 0.606632 
0.978306 -0.0482469 0.20147 
0.29556 0.52288 0.799525 
0.229359 0.873523 0.429362 
0.0927667 -0.340369 -0.935705 
-0.0745793 -0.69853 0.711684 
0.920161 0.207259 0.332185 
0.798851 0.500145 -0.334203 
-0.778417 -0.26848 -0.567438 
-0.378047 -0.108682 -0.919385 
-0.960496 0.0966241 0.26098 
-0.74643 0.272827 0.606966 
-0.335621 -0.162142 0.927938 
0.527962 0.724599 -0.44296 
-0.786245 0.0831381 0.612296 
-0.347852 0.810316 0.47158 
-0.135347 -0.323464 0.936511 
-0.125106 -0.828989 0.545092 
-0.528144 0.504173 0.683281 
-0.594701 0.637046 -0.490411 
-0.744222 -0.543479 -0.388285 
0.423236 -0.376653 -0.824017 
-0.152836 -0.627929 0.763116 
-0.0739766 0.323737 0.943251 
-0.226071 0.251361 -0.941121 
0.436193 0.494941 0.751511 
0.554136 -0.815176 -0.168587 
-0.405335 0.0297353 0.913684 
-0.848282 0.4662 -0.251149 
0.837213 0.504632 0.210761 
0.660115 0.668116 0.343321 
-0.0185069 -0.376511 0.926227 
0.203687 0.859837 -0.468179 
0.184884 -0.96643 0.178415 
-0.887901 -0.458734 -0.0345526 
0.31454 -0.867013 0.386461 
-0.717004 -0.353128 -0.601004 
-0.839493 -0.498416 -0.21641 
-0.136471 0.0596624 -0.988846 
-0.497794 0.738455 0.454846 
-0.550871 -0.554165 0.624053 
-0.457255 -0.397515 0.79555 
-0.688845 -0.0282269 0.724359 
-0.389775 -0.778663 0.491691 
-0.432378 0.606929 0.666848 
-0.903854 0.171587 0.391926 
0.477686 0.729968 -0.488838 
-0.161189 -0.742272 -0.650423 
-0.0108826 -0.0833796 -0.996458 
0.975682 -0.198883 -0.0921436 
-0.277811 -0.314969 0.907533 
0.584484 0.234222 -0.776864 
0.536558 0.843347 -0.0295144 
0.0535881 0.458581 0.887035 
0.0757332 -0.887493 -0.454555 
-0.158162 -0.2496 -0.955345 
0.618653 -0.270537 -0.737617 
0.440473 0.124617 -0.889075 
0.527596 0.793248 -0.303975 
0.344622 -0.0834931 0.935021 
0.628081 -0.404174 -0.664949 
0.46519 0.461367 -0.755473 
-0.515076 0.764668 0.387272 
0.0805518 0.915424 -0.394349 
-0.13597 -0.353286 -0.925582 
-0.374368 0.663672 -0.647602 
-0.531644 0.0922452 -0.84193 
0.516536 -0.856218 0.00905519 
-0.122693 0.987454 0.0994065 
0.091114 -0.982954 0.159686 
-0.422935 -0.865882 0.267159 
-0.626787 0.0695387 -0.776082 
-0.331966 -0.362296 0.870942 
0.22323 0.781009 -0.583261 
0.744957 0.663624 0.0681311 
0.291401 -0.259836 0.920636 
-0.724002 -0.141866 -0.675052 
-0.877835 0.418814 0.232379 
-0.107034 -0.16646 -0.980222 
0.699708 0.301779 -0.647563 
0.658935 0.565461 -0.496043 
0.402574 -0.135101 0.905363 
0.541784 0.535043 -0.648228 
-0.543211 0.836665 0.0700983 
-0.111117 0.690562 -0.714687 
0.415604 -0.907726 0.057497 
-0.285159 0.908423 0.305701 
0.977301 -0.123603 -0.172059 
-0.244908 -0.559903 0.791536 
-0.34913 0.85404 0.385646 
0.427839 -0.903604 0.0213113 
-0.440928 0.626581 -0.642634 
-0.245511 0.408158 -0.879279 
-0.497384 -0.678492 0.540608 
0.785201 0.258024 0.562923 
-0.724836 -0.599209 0.339943 
-0.106567 0.213467 0.971121 
-0.858024 -0.50031 -0.116119 
0.302208 0.820955 0.484461 
0.435941 0.89988 0.0131133 
0.830093 0.556991 0.0265869 
0.288967 -0.130908 0.948347 
0.215943 -0.974378 -0.0628927 
0.869876 -0.460075 -0.177895 
0.201056 0.436606 0.876899 
0.930978 -0.0764755 -0.356976 
0.574128 -0.77889 0.252404 
-0.843673 -0.151689 -0.514983 
0.104697 -0.748747 0.654535 
-0.633949 -0.763696 -0.121973 
-0.441561 0.714601 0.542559 
0.808789 0.481847 -0.337172 
-0.777997 -0.299163 0.55247 
0.870617 0.288305 -0.398629 
0.0753025 0.281231 -0.956681 
0.312197 -0.204851 -0.927669 
0.00898076 -0.918289 0.39581 
-0.737784 0.447882 0.505052 
-0.384165 0.913599 0.133242 
0.306243 0.733996 -0.606189 
0.349794 -0.544978 0.762 
0.748029 0.660801 0.0615998 
-0.751266 -0.303224 0.58622 
-0.521469 -0.416832 0.744528 
-0.156049 -0.167544 -0.973436 
-0.582761 -0.337003 0.739472 
0.606427 -0.697569 0.381633 
-0.700335 0.38021 -0.604128 
-0.669625 0.133004 -0.730693 
-0.896511 -0.341578 0.28212 
0.464494 -0.802562 0.374352 
0.977315 -0.0151344 -0.211251 
0.255825 0.671504 0.69544 
0.327242 0.187152 -0.926222 
-0.227123 0.00574912 0.973849 
-0.218227 0.802619 0.555139 
0.656003 -0.616888 0.434867 
-0.857034 0.511859 0.0591054 
-0.783712 0.594071 -0.181312 
0.736756 0.448567 -0.505944 
0.724897 0.592075 -0.352096 
0.836692 -0.000104261 -0.547673 
-0.0483841 0.572534 -0.818452 
-0.913881 -0.379295 -0.144766 
-0.58046 -0.12852 0.804082 
0.132589 -0.974845 -0.179158 
-0.252736 -0.962789 0.0957217 
0.892202 -0.175436 -0.41617 
-0.0510735 0.754437 -0.654382 
0.504769 -0.374342 0.777866 
0.39672 -0.525308 -0.752771 
-0.349483 -0.854757 0.383734 
0.0104958 -0.294998 -0.95544 
0.52129 0.56283 -0.641467 
-0.774716 -0.428141 -0.465306 
0.205673 0.656148 -0.726063 
0.102055 0.82271 -0.559225 
0.0127833 -0.150397 -0.988543 
-0.255067 0.962503 0.0923469 
0.551753 0.816089 -0.17195 
-0.201432 0.496065 -0.844598 
0.354329 0.52242 0.775583 
-0.518965 0.761565 0.388193 
0.17796 0.700931 0.69067 
0.131066 0.503534 -0.853976 
-0.87817 0.38411 -0.285091 
-0.58407 0.429378 -0.688837 
-0.127802 0.99168 -0.0153784 
0.0511701 -0.580569 0.812602 
-0.104549 0.896864 -0.429772 
-0.922004 -0.157276 0.353799 
-0.523718 -0.806278 -0.275018 
0.649443 0.0591917 0.758103 
-0.0838902 -0.217564 0.972434 
-0.36827 0.901721 0.226444 
-0.897524 0.37294 -0.235302 
0.83215 0.55441 -0.0124781 
-0.0739793 0.6124 -0.787079 
-0.984264 0.120625 0.12913 
0.90186 0.424967 0.0777879 
0.110093 0.717149 -0.68817 
-0.038807 -0.956111 0.290423 
-0.0961686 -0.596617 -0.796743 
-0.427174 -0.659086 -0.618974 
-0.586105 -0.810229 0.00298398 
0.745373 -0.644285 -0.171219 
0.711062 -0.467928 0.524818 
0.529851 -0.80614 0.26343 
-0.345001 -0.937337 0.0487222 
-0.367258 0.550255 -0.749894 
-0.906032 0.418283 0.0643784 
0.167903 0.177157 -0.969755 
0.505548 -0.691979 0.51535 
-0.644899 0.737075 -0.202054 
0.401475 0.782873 0.475318 
-0.976383 0.0564246 -0.20855 
0.891694 -0.133534 0.432492 
0.429624 0.833144 0.348274 
-0.289641 -0.564724 -0.772784 
-0.492982 0.722286 -0.485048 
-0.31311 0.740019 0.59526 
-0.802593 0.033268 0.595599 
-0.0928954 0.530612 0.842509 
-0.422087 -0.591634 0.686885 
-0.974004 -0.0469664 0.221608 
-0.319917 0.847004 0.424544 
0.988451 -0.140049 0.0578871 
-0.896496 0.0535215 -0.439807 
-0.473297 -0.741039 -0.476289 
-0.668539 -0.740106 -0.072789 
-0.0952329 -0.648611 -0.755138 
-0.647891 0.0655192 0.75891 
0.701948 0.160035 0.694016 
0.27484 0.636754 -0.720422 
-0.865264 0.489791 0.10688 
0.330559 -0.694099 0.639497 
-0.124665 -0.662925 -0.738234 
-0.922308 0.0809103 0.377892 
-0.193367 -0.541316 0.818283 
0.727351 0.298347 -0.618021 
0.292974 -0.774699 0.560364 
-0.434771 -0.900328 -0.0195789 
0.683103 0.572285 0.453717 
0.941462 0.223122 -0.252718 
-0.783188 -0.0525188 0.619563 
0.168005 -0.981563 -0.091153 
-0.622965 -0.101241 0.775671 
0.515515 0.750557 0.413411 
-0.601659 -0.678153 0.422036 
-0.152004 -0.815456 0.558503 
0.812838 0.332563 -0.478222 
0.244239 0.569809 0.784643 
0.141575 0.163323 -0.976362 
-0.721142 0.184534 -0.667759 
0.796716 -0.596672 -0.0960507 
0.26162 0.871558 -0.414658 
0.0139069 0.933859 -0.357371 
-0.207273 -0.24199 -0.947881 
0.415507 -0.909554 -0.00804323 
-0.77369 -0.11183 -0.623616 
0.982186 -0.187874 0.00372576 
0.792438 0.422131 -0.44028 
-0.30852 -0.418912 0.854007 
-0.755113 -0.450853 -0.475958 
0.829647 -0.496743 0.254817 
0.737861 0.660766 -0.137655 
-0.358645 -0.451039 -0.817275 
0.071809 -0.613301 0.786578 
0.792866 -0.604955 -0.0734287 
0.343894 0.447958 -0.82527 
0.158217 -0.446123 0.880875 
0.320331 -0.614412 -0.721031 
0.382403 -0.141269 0.913132 
-0.921039 0.351867 -0.166961 
0.593088 0.799851 0.0921197 
0.0989271 -0.366639 -0.925089 
0.553609 -0.418327 0.720083 
0.962863 0.139211 -0.231334 
-0.806719 -0.263659 0.528856 
0.416251 -0.843687 -0.339011 
-0.0514614 -0.918951 0.391 
-0.220931 -0.4016 -0.888767 
-0.751733 0.648259 -0.121066 
-0.977639 -0.194929 -0.0789017 
-0.0675698 -0.992462 -0.102247 
0.649047 0.277931 0.708161 
-0.75595 -0.654009 0.0284903 
-0.723563 -0.552853 0.413292 
-0.223472 -0.972599 -0.0641197 
0.312324 0.837268 0.448816 
0.383869 0.816828 -0.430623 
-0.905095 0.232377 -0.356097 
-0.69322 -0.375942 0.61491 
0.333018 0.913707 0.232891 
0.662022 0.41519 0.623974 
0.95635 0.008944 0.292087 
0.20251 -0.959067 0.197942 
-0.169694 0.141194 -0.97533 
0.26638 -0.173374 -0.948147 
-0.871416 0.480523 -0.0986527 
-0.327784 -0.93072 0.162228 
0.287963 0.138683 -0.947547 
-0.141925 0.89497 0.42295 
-0.123479 -0.293893 0.947829 
-0.969003 -0.223481 -0.105303 
0.367474 0.91319 -0.176201 
0.102849 0.306736 -0.946222 
0.293005 -0.94345 0.155085 
0.216387 -0.780388 -0.586661 
0.681458 0.586996 0.437094 
-0.879959 0.374394 0.292407 
0.390189 0.426814 0.815832 
-0.313471 0.936536 0.156961 
0.0579586 0.92368 -0.378756 
-0.540198 -0.474547 -0.694975 
-0.132515 0.919942 0.368979 
0.233189 0.64552 0.727274 
0.203325 0.956185 0.21064 
-0.204315 0.0991471 0.973871 
-0.222973 -0.240691 -0.944643 
-0.754682 -0.571037 -0.323066 
0.815867 -0.569711 0.0989441 
-0.350714 0.64254 -0.68128 
0.974473 0.186619 0.124803 
0.0940886 0.706993 0.700933 
0.410433 0.34293 -0.844952 
0.482947 -0.847005 0.222136 
-0.923633 -0.219038 -0.314523 
0.887025 -0.440596 -0.138065 
0.166317 0.550074 -0.818387 
-0.999691 0.023831 0.0070934 
0.0894553 -0.659795 -0.746102 
-0.514136 0.852971 -0.0900219 
-0.431208 -0.77635 -0.459717 
0.851871 -0.122345 -0.509262 
0.910391 -0.287169 0.297863 
-0.405711 -0.446924 0.797282 
-0.31163 -0.303839 0.900316 
0.852265 0.076204 -0.51753 
-0.883294 -0.412103 -0.223525 
-0.459982 -0.8879 -0.00703491 
0.848143 -0.304033 -0.433841 
0.633544 0.223948 0.740587 
-0.975789 0.19643 0.0961826 
-0.141343 -0.685584 -0.714141 
0.680962 0.684331 -0.260733 
-0.632003 -0.754001 -0.179035 
0.268807 -0.706834 -0.654316 
-0.157864 0.955873 0.247763 
-0.261505 -0.742876 -0.616239 
-0.618546 0.667271 -0.41491 
0.795799 0.352798 -0.492177 
-0.188563 -0.712312 -0.676059 
0.163552 -0.55031 -0.818785 
0.805766 0.378301 0.455664 
0.55921 -0.458731 -0.690544 
0.447467 -0.725698 0.522624 
-0.43443 -0.897805 -0.0722195 
0.0504903 -0.851288 0.522263 
-0.229108 0.94379 -0.238264 
0.177001 -0.650272 0.738794 
0.378301 -0.439789 -0.814539 
0.516145 -0.744972 -0.422624 
-0.540805 -0.706494 0.456504 
-0.129405 0.842755 0.522512 
0.519573 0.461088 0.719334 
-0.944602 0.301734 0.129168 
-0.265766 0.00596174 -0.964019 
-0.816329 -0.57757 -0.00455087 
-0.0667967 -0.997735 -0.00792476 
-0.679456 0.715611 0.161988 
-0.104578 0.893611 0.436489 
-0.321954 0.36966 0.871606 
0.131082 0.835046 -0.534337 
0.203833 0.978867 -0.0164739 
0.0577887 -0.318299 0.946227 
0.290358 0.743342 -0.602607 
0.679681 0.708996 -0.188038 
-0.474509 -0.797846 0.371864 
-0.445709 -0.548977 0.707083 
-0.0270322 0.811794 -0.583318 
0.147819 -0.203761 0.967797 
0.615506 -0.775666 0.13962 
0.497056 -0.574088 0.650661 
0.575917 0.731515 0.364975 
-0.246007 0.36567 0.897645 
0.138737 -0.0447262 -0.989319 
-0.300143 -0.644938 0.70283 
0.682831 -0.667667 0.296586 
-0.616261 0.642305 0.455704 
0.169771 -0.984537 -0.0431924 
-0.582368 0.0855593 0.80841 
-0.889826 -0.454402 0.0415862 
0.0441208 -0.996743 0.067502 
0.920205 0.391435 -0.00138224 
0.743784 0.532863 -0.403539 
0.333757 0.941077 -0.0546023 
-0.943652 0.0204196 0.330308 
-0.6548 0.508207 0.559431 
-0.749366 0.649857 -0.12703 
-0.338038 -0.935848 -0.0995885 
-0.346967 0.929014 0.128637 
-0.778297 0.568654 -0.266244 
-0.175439 0.630392 0.756192 
-0.419044 -0.635451 0.64854 
-0.665485 -0.297089 -0.68474 
-0.881208 -0.391975 -0.264252 
-0.0819178 -0.89583 0.436782 
0.437711 0.864672 0.246479 
0.0489512 0.283095 0.957842 
0.12175 -0.152788 -0.980731 
-0.876662 -0.449087 -0.172582 
0.334111 -0.630614 -0.700497 
-0.782368 0.52489 -0.335248 
-0.990912 0.0612361 -0.119762 
-0.362949 -0.388711 -0.84686 
0.917751 -0.248049 -0.310169 
0.705591 0.264055 0.657584 
0.584456 -0.431251 0.687338 
-0.677436 -0.681709 0.276321 
-0.944479 0.161143 -0.286345 
0.134872 0.98301 0.124501 
-0.408214 0.520583 0.749903 
0.0293845 -0.971462 -0.235366 
-0.81333 0.153841 0.561095 
0.506639 -0.414201 -0.756145 
-0.427017 -0.289265 -0.856728 
-0.160308 0.48635 0.858932 
0.206033 0.536057 -0.818653 
0.869795 -0.484504 0.0933425 
-0.818817 -0.42187 -0.389314 
0.871478 -0.245485 -0.424573 
0.711291 0.587634 0.385684 
-0.832217 0.552266 -0.0491727 
-0.29952 -0.349435 0.887797 
0.87706 0.399916 0.266145 
-0.93779 0.183272 -0.294891 
0.344102 0.57349 -0.74344 
-0.39392 0.00682546 -0.919119 
-0.876443 -0.439215 0.197326 
-0.598924 -0.478248 0.642316 
-0.10456 -0.994517 -0.00144424 
-0.275025 0.725434 0.630958 
0.440203 -0.483541 -0.756577 
-0.0297135 0.966465 0.255075 
-0.00468557 -0.318068 -0.948056 
0.156861 -0.967132 -0.200127 
-0.281248 0.721188 -0.633078 
0.330707 -0.490401 0.806312 
0.877514 -0.450548 -0.164243 
0.807419 0.379381 -0.451823 
0.149584 -0.498653 -0.853797 
0.17215 0.431295 0.885635 
0.494683 0.821525 -0.283523 
-0.869136 -0.481021 0.114987 
0.744892 -0.214547 -0.631748 
-0.516439 -0.819458 0.248554 
0.870406 0.467416 0.154647 
-0.441467 0.424179 -0.790683 
0.269101 0.961571 0.054458 
-0.964097 -0.0789601 0.25354 
-0.866082 -0.257032 0.428762 
0.289542 0.597392 -0.747856 
-0.940176 -0.0378637 -0.338579 
0.225584 -0.907285 0.354888 
0.361226 -0.69446 -0.622287 
-0.388992 0.488803 0.780869 
-0.324653 0.539158 0.777116 
0.876091 -0.0981804 0.472043 
0.676294 0.588879 -0.442548 
-0.69223 -0.00597788 0.721652 
0.690217 -0.221318 -0.688925 
0.423975 0.769457 0.477683 
0.746869 -0.321203 0.58225 
0.491571 -0.772097 0.402772 
0.249242 0.901203 0.354559 
-0.617265 -0.603724 -0.504481 
-0.747309 0.225745 -0.624955 
0.658627 -0.498072 0.564035 
-0.519218 0.656461 0.547239 
-0.374918 0.878907 -0.294888 
0.380814 -0.916425 -0.123067 
-0.714931 0.689348 0.116929 
0.561336 -0.101128 0.821386 
0.355602 -0.471983 -0.806709 
-0.644933 0.73035 0.225056 
-0.877088 -0.475181 0.0701408 
-0.105174 0.898577 -0.426025 
0.0534264 0.920146 -0.387915 
-0.436666 -0.869746 -0.229924 
0.102438 0.480147 -0.871186 
0.0939858 0.989511 0.109703 
-0.571117 0.696649 0.434173 
-0.759994 -0.240445 -0.603818 
-0.848272 -0.00903996 0.529484 
-0.677894 -0.313351 0.665034 
0.08038 0.786619 -0.612184 
0.964843 -0.160004 0.208509 
0.338291 0.342627 0.876451 
0.374934 0.9025 0.211939 
0.118765 -0.109484 -0.986868 
-0.819737 0.435666 0.371788 
-0.967872 0.0787325 0.238797 
0.188734 -0.877102 0.44167 
0.805584 0.015221 0.592287 
-0.42609 0.153415 -0.891578 
-0.551865 -0.203176 0.808804 
-0.678329 0.335722 0.653576 
-0.712844 -0.398749 0.576935 
0.770093 0.621359 0.144463 
0.962954 -0.254887 -0.0880524 
0.820782 -0.245633 0.515734 
-0.254356 0.749708 0.610935 
-0.0109925 0.0686987 -0.997577 
0.650849 0.138559 0.746456 
-0.627915 0.0814914 -0.774004 
0.330236 0.707466 -0.624849 
0.804212 0.591336 0.0597073 
-0.812976 0.488233 -0.317332 
0.616077 0.250126 -0.746918 
0.283386 0.112971 0.952329 
0.856596 -0.50885 0.0855304 
-0.414826 0.720678 -0.555466 
-0.748333 -0.654395 0.108462 
-0.733662 0.0137306 -0.679376 
-0.907871 -0.26888 -0.321672 
-0.00361017 -0.862503 -0.506038 
0.0119977 -0.217398 -0.976009 
0.0276547 -0.97507 -0.220167 
0.352646 0.0803771 0.932298 
0.0378522 -0.795816 -0.604354 
-0.697597 -0.467393 0.543049 
0.992712 -0.0624873 -0.103045 
0.307843 -0.392247 -0.866819 
0.943668 -0.0149672 -0.330555 
0.78923 -0.352177 0.503077 
-0.269151 0.354496 -0.895484 
0.888795 -0.157479 -0.430399 
-0.595741 0.251293 -0.762853 
0.712546 0.642973 0.280829 
0.243607 0.778149 0.578913 
0.206216 -0.888492 0.409947 
-0.798752 0.315835 -0.512097 
0.596458 0.205484 0.775896 
0.539189 0.704355 -0.461691 
-0.471986 0.0317654 0.881033 
-0.605296 0.757513 0.244523 
0.639259 -0.66608 0.384299 
-0.901988 0.426625 -0.0663914 
0.00230775 0.586081 0.810249 
-0.0701301 -0.729843 -0.680008 
0.364472 -0.926535 0.0932358 
0.128069 -0.833366 0.537679 
0.891572 -0.281544 0.354729 
0.59897 -0.780575 0.178708 
0.188081 0.383243 0.904296 
0.638241 -0.332969 -0.694104 
0.615611 -0.483911 0.621975 
-0.846651 0.248352 -0.470642 
0.761937 0.622291 -0.179462 
0.608441 0.112551 -0.785577 
0.954464 0.259102 0.147869 
0.27239 -0.535334 -0.799513 
-0.461332 -0.0671211 -0.884685 
0.347007 0.65009 0.675995 
-0.796739 0.223647 0.561417 
0.165671 0.822359 0.544315 
0.6438 0.750299 -0.150243 
-0.370435 0.886436 -0.277505 
0.834218 -0.547473 -0.0659835 
-0.262941 -0.0551299 0.963236 
0.413861 -0.374426 0.829773 
-0.864942 -0.348401 0.361238 
-0.694755 0.690179 -0.202405 
-0.714421 -0.311521 -0.626544 
0.655813 0.588547 0.472781 
0.593842 0.467992 -0.654473 
0.188004 -0.2809 -0.941143 
0.0230874 -0.233567 -0.972066 
-0.601297 0.136184 0.787335 
0.31544 -0.018444 -0.948766 
-0.640774 0.0996584 -0.761234 
-0.077782 0.996853 -0.0153276 
0.608127 0.214783 -0.764231 
-0.128352 -0.21767 0.967546 
0.0549227 -0.855314 -0.515191 
0.500413 0.69578 -0.515244 
0.0206095 -0.317807 -0.947932 
-0.0430623 -0.37568 -0.925748 
-0.314869 -0.239985 0.918295 
-0.526837 0.832482 0.171513 
-0.958277 0.105855 0.265517 
-0.18847 -0.728384 0.658738 
0.86942 0.492497 -0.0394318 
0.1729 0.91994 -0.351874 
-0.351256 -0.810125 0.469379 
-0.160944 0.465263 -0.870418 
0.205308 -0.387509 0.898713 
-0.241369 -0.416274 0.876617 
0.578698 0.550365 0.601837 
-0.699869 0.423585 0.575116 
0.414394 -0.732366 0.540294 
-0.823308 0.19393 0.533437 
0.482158 0.623157 0.615792 
0.667923 -0.50889 -0.543055 
-0.508454 0.860643 -0.0277107 
-0.972205 -0.227952 -0.0534291 
0.753003 0.311576 -0.579575 
-0.403392 0.886307 -0.227455 
-0.853553 -0.371452 -0.365336 
0.0838008 -0.872643 0.481114 
0.894977 -0.412103 -0.170845 
-0.769932 -0.454578 0.447843 
-0.4733 -0.221615 -0.852569 
-0.121694 -0.821298 -0.557368 
0.52877 -0.20163 -0.824468 
-0.42046 -0.716423 -0.556733 
0.0468501 -0.415373 -0.908444 
0.256849 0.935547 -0.242445 
0.192 -0.783085 -0.591535 
-0.897999 0.376834 -0.227142 
0.420653 0.907191 -0.00749134 
