-5 0.0167338
-4.99 0.0156098
-4.98 0.014504
-4.97 0.0134162
-4.96 0.0123464
-4.95 0.0112945
-4.94 0.0102603
-4.93 0.00924386
-4.92 0.00824499
-4.91 0.0072636
-4.9 0.00629962
-4.89 0.00535294
-4.88 0.00442347
-4.87 0.00351112
-4.86 0.00261579
-4.85 0.00173739
-4.84 0.000875829
-4.83 3.10109e-05
-4.82 -0.000797156
-4.81 -0.00160876
-4.8 -0.00240391
-4.79 -0.00318267
-4.78 -0.00394516
-4.77 -0.00469145
-4.76 -0.00542165
-4.75 -0.00613584
-4.74 -0.00683411
-4.73 -0.00751656
-4.72 -0.00818328
-4.71 -0.00883435
-4.7 -0.00946987
-4.69 -0.0100899
-4.68 -0.0106946
-4.67 -0.011284
-4.66 -0.0118582
-4.65 -0.0124173
-4.64 -0.0129614
-4.63 -0.0134906
-4.62 -0.0140049
-4.61 -0.0145045
-4.6 -0.0149894
-4.59 -0.0154597
-4.58 -0.0159156
-4.57 -0.0163571
-4.56 -0.0167842
-4.55 -0.0171972
-4.54 -0.017596
-4.53 -0.0179808
-4.52 -0.0183516
-4.51 -0.0187085
-4.5 -0.0190517
-4.49 -0.0193812
-4.48 -0.019697
-4.47 -0.0199993
-4.46 -0.0202882
-4.45 -0.0205637
-4.44 -0.020826
-4.43 -0.0210751
-4.42 -0.0213111
-4.41 -0.021534
-4.4 -0.0217441
-4.39 -0.0219413
-4.38 -0.0221257
-4.37 -0.0222975
-4.36 -0.0224566
-4.35 -0.0226033
-4.34 -0.0227375
-4.33 -0.0228594
-4.32 -0.0229691
-4.31 -0.0230665
-4.3 -0.0231519
-4.29 -0.0232253
-4.28 -0.0232867
-4.27 -0.0233363
-4.26 -0.0233741
-4.25 -0.0234003
-4.24 -0.0234148
-4.23 -0.0234178
-4.22 -0.0234094
-4.21 -0.0233897
-4.2 -0.0233586
-4.19 -0.0233164
-4.18 -0.0232631
-4.17 -0.0231987
-4.16 -0.0231234
-4.15 -0.0230372
-4.14 -0.0229402
-4.13 -0.0228324
-4.12 -0.0227141
-4.11 -0.0225852
-4.1 -0.0224458
-4.09 -0.022296
-4.08 -0.022136
-4.07 -0.0219656
-4.06 -0.0217851
-4.05 -0.0215945
-4.04 -0.021394
-4.03 -0.0211834
-4.02 -0.0209631
-4.01 -0.0207329
-4 -0.0204931
-3.99 -0.0202436
-3.98 -0.0199846
-3.97 -0.0197161
-3.96 -0.0194383
-3.95 -0.0191511
-3.94 -0.0188547
-3.93 -0.0185491
-3.92 -0.0182344
-3.91 -0.0179107
-3.9 -0.0175781
-3.89 -0.0172366
-3.88 -0.0168863
-3.87 -0.0165273
-3.86 -0.0161597
-3.85 -0.0157835
-3.84 -0.0153988
-3.83 -0.0150057
-3.82 -0.0146043
-3.81 -0.0141946
-3.8 -0.0137767
-3.79 -0.0133506
-3.78 -0.0129165
-3.77 -0.0124745
-3.76 -0.0120245
-3.75 -0.0115667
-3.74 -0.0111011
-3.73 -0.0106279
-3.72 -0.010147
-3.71 -0.00965857
-3.7 -0.00916267
-3.69 -0.00865936
-3.68 -0.00814872
-3.67 -0.00763082
-3.66 -0.00710572
-3.65 -0.0065735
-3.64 -0.00603423
-3.63 -0.00548798
-3.62 -0.00493482
-3.61 -0.00437481
-3.6 -0.00380802
-3.59 -0.00323454
-3.58 -0.00265442
-3.57 -0.00206773
-3.56 -0.00147454
-3.55 -0.000874924
-3.54 -0.000268946
-3.53 0.000343326
-3.52 0.000961823
-3.51 0.00158648
-3.5 0.00221722
-3.49 0.00285399
-3.48 0.00349672
-3.47 0.00414534
-3.46 0.00479977
-3.45 0.00545997
-3.44 0.00612585
-3.43 0.00679736
-3.42 0.00747443
-3.41 0.00815699
-3.4 0.00884497
-3.39 0.00953832
-3.38 0.010237
-3.37 0.0109408
-3.36 0.0116499
-3.35 0.012364
-3.34 0.0130832
-3.33 0.0138074
-3.32 0.0145364
-3.31 0.0152703
-3.3 0.016009
-3.29 0.0167524
-3.28 0.0175005
-3.27 0.0182532
-3.26 0.0190104
-3.25 0.019772
-3.24 0.0205381
-3.23 0.0213085
-3.22 0.0220832
-3.21 0.0228621
-3.2 0.0236451
-3.19 0.0244323
-3.18 0.0252235
-3.17 0.0260186
-3.16 0.0268177
-3.15 0.0276206
-3.14 0.0284273
-3.13 0.0292378
-3.12 0.0300519
-3.11 0.0308696
-3.1 0.0316909
-3.09 0.0325157
-3.08 0.0333439
-3.07 0.0341754
-3.06 0.0350103
-3.05 0.0358485
-3.04 0.0366898
-3.03 0.0375343
-3.02 0.0383818
-3.01 0.0392324
-3 0.0400859
-2.99 0.0409424
-2.98 0.0418016
-2.97 0.0426637
-2.96 0.0435285
-2.95 0.044396
-2.94 0.0452661
-2.93 0.0461388
-2.92 0.047014
-2.91 0.0478916
-2.9 0.0487717
-2.89 0.049654
-2.88 0.0505387
-2.87 0.0514256
-2.86 0.0523146
-2.85 0.0532058
-2.84 0.054099
-2.83 0.0549943
-2.82 0.0558915
-2.81 0.0567906
-2.8 0.0576916
-2.79 0.0585943
-2.78 0.0594988
-2.77 0.060405
-2.76 0.0613128
-2.75 0.0622221
-2.74 0.063133
-2.73 0.0640454
-2.72 0.0649592
-2.71 0.0658744
-2.7 0.0667909
-2.69 0.0677087
-2.68 0.0686276
-2.67 0.0695478
-2.66 0.070469
-2.65 0.0713913
-2.64 0.0723146
-2.63 0.0732389
-2.62 0.0741641
-2.61 0.0750901
-2.6 0.0760169
-2.59 0.0769445
-2.58 0.0778728
-2.57 0.0788018
-2.56 0.0797314
-2.55 0.0806615
-2.54 0.0815921
-2.53 0.0825232
-2.52 0.0834547
-2.51 0.0843866
-2.5 0.0853188
-2.49 0.0862513
-2.48 0.087184
-2.47 0.0881168
-2.46 0.0890498
-2.45 0.0899828
-2.44 0.0909159
-2.43 0.091849
-2.42 0.092782
-2.41 0.0937149
-2.4 0.0946476
-2.39 0.0955802
-2.38 0.0965125
-2.37 0.0974444
-2.36 0.0983761
-2.35 0.0993074
-2.34 0.100238
-2.33 0.101169
-2.32 0.102098
-2.31 0.103028
-2.3 0.103956
-2.29 0.104884
-2.28 0.105812
-2.27 0.106738
-2.26 0.107664
-2.25 0.108589
-2.24 0.109513
-2.23 0.110436
-2.22 0.111359
-2.21 0.11228
-2.2 0.1132
-2.19 0.114119
-2.18 0.115037
-2.17 0.115954
-2.16 0.116869
-2.15 0.117784
-2.14 0.118697
-2.13 0.119608
-2.12 0.120519
-2.11 0.121428
-2.1 0.122335
-2.09 0.123241
-2.08 0.124146
-2.07 0.125048
-2.06 0.12595
-2.05 0.126849
-2.04 0.127747
-2.03 0.128643
-2.02 0.129538
-2.01 0.13043
-2 0.131321
-1.99 0.13221
-1.98 0.133097
-1.97 0.133981
-1.96 0.134864
-1.95 0.135745
-1.94 0.136624
-1.93 0.137501
-1.92 0.138375
-1.91 0.139247
-1.9 0.140118
-1.89 0.140985
-1.88 0.141851
-1.87 0.142714
-1.86 0.143575
-1.85 0.144433
-1.84 0.145289
-1.83 0.146143
-1.82 0.146994
-1.81 0.147842
-1.8 0.148688
-1.79 0.149531
-1.78 0.150372
-1.77 0.15121
-1.76 0.152045
-1.75 0.152877
-1.74 0.153707
-1.73 0.154534
-1.72 0.155357
-1.71 0.156179
-1.7 0.156997
-1.69 0.157812
-1.68 0.158624
-1.67 0.159433
-1.66 0.160239
-1.65 0.161042
-1.64 0.161842
-1.63 0.162639
-1.62 0.163432
-1.61 0.164223
-1.6 0.16501
-1.59 0.165794
-1.58 0.166574
-1.57 0.167351
-1.56 0.168125
-1.55 0.168896
-1.54 0.169663
-1.53 0.170426
-1.52 0.171186
-1.51 0.171943
-1.5 0.172696
-1.49 0.173445
-1.48 0.174191
-1.47 0.174934
-1.46 0.175672
-1.45 0.176407
-1.44 0.177138
-1.43 0.177866
-1.42 0.178589
-1.41 0.179309
-1.4 0.180025
-1.39 0.180738
-1.38 0.181446
-1.37 0.18215
-1.36 0.182851
-1.35 0.183548
-1.34 0.18424
-1.33 0.184929
-1.32 0.185613
-1.31 0.186294
-1.3 0.18697
-1.29 0.187642
-1.28 0.188311
-1.27 0.188975
-1.26 0.189635
-1.25 0.19029
-1.24 0.190942
-1.23 0.191589
-1.22 0.192232
-1.21 0.19287
-1.2 0.193504
-1.19 0.194134
-1.18 0.19476
-1.17 0.195381
-1.16 0.195998
-1.15 0.19661
-1.14 0.197218
-1.13 0.197821
-1.12 0.19842
-1.11 0.199014
-1.1 0.199604
-1.09 0.200189
-1.08 0.20077
-1.07 0.201346
-1.06 0.201917
-1.05 0.202484
-1.04 0.203046
-1.03 0.203604
-1.02 0.204156
-1.01 0.204704
-1 0.205247
-0.99 0.205786
-0.98 0.20632
-0.97 0.206848
-0.96 0.207372
-0.95 0.207892
-0.94 0.208406
-0.93 0.208915
-0.92 0.20942
-0.91 0.209919
-0.9 0.210414
-0.89 0.210904
-0.88 0.211388
-0.87 0.211868
-0.86 0.212343
-0.85 0.212813
-0.84 0.213277
-0.83 0.213737
-0.82 0.214192
-0.81 0.214641
-0.8 0.215086
-0.79 0.215525
-0.78 0.215959
-0.77 0.216388
-0.76 0.216812
-0.75 0.217231
-0.74 0.217644
-0.73 0.218052
-0.72 0.218456
-0.71 0.218853
-0.7 0.219246
-0.69 0.219633
-0.68 0.220015
-0.67 0.220392
-0.66 0.220764
-0.65 0.22113
-0.64 0.221491
-0.63 0.221846
-0.62 0.222197
-0.61 0.222541
-0.6 0.222881
-0.59 0.223215
-0.58 0.223544
-0.57 0.223867
-0.56 0.224185
-0.55 0.224497
-0.54 0.224804
-0.53 0.225106
-0.52 0.225402
-0.51 0.225692
-0.5 0.225977
-0.49 0.226257
-0.48 0.226531
-0.47 0.2268
-0.46 0.227063
-0.45 0.227321
-0.44 0.227573
-0.43 0.227819
-0.42 0.22806
-0.41 0.228296
-0.4 0.228525
-0.39 0.22875
-0.38 0.228968
-0.37 0.229182
-0.36 0.229389
-0.35 0.229591
-0.34 0.229787
-0.33 0.229978
-0.32 0.230163
-0.31 0.230342
-0.3 0.230516
-0.29 0.230684
-0.28 0.230847
-0.27 0.231004
-0.26 0.231155
-0.25 0.2313
-0.24 0.23144
-0.23 0.231575
-0.22 0.231703
-0.21 0.231826
-0.2 0.231943
-0.19 0.232054
-0.18 0.23216
-0.17 0.23226
-0.16 0.232355
-0.15 0.232443
-0.14 0.232526
-0.13 0.232604
-0.12 0.232675
-0.11 0.232741
-0.1 0.232801
-0.09 0.232855
-0.08 0.232904
-0.07 0.232947
-0.06 0.232984
-0.05 0.233016
-0.04 0.233041
-0.03 0.233062
-0.02 0.233076
-0.01 0.233084
0 0.233087
0.01 0.233084
0.02 0.233076
0.03 0.233062
0.04 0.233041
0.05 0.233016
0.06 0.232984
0.07 0.232947
0.08 0.232904
0.09 0.232855
0.1 0.232801
0.11 0.232741
0.12 0.232675
0.13 0.232604
0.14 0.232526
0.15 0.232443
0.16 0.232355
0.17 0.23226
0.18 0.23216
0.19 0.232054
0.2 0.231943
0.21 0.231826
0.22 0.231703
0.23 0.231575
0.24 0.23144
0.25 0.2313
0.26 0.231155
0.27 0.231004
0.28 0.230847
0.29 0.230684
0.3 0.230516
0.31 0.230342
0.32 0.230163
0.33 0.229978
0.34 0.229787
0.35 0.229591
0.36 0.229389
0.37 0.229182
0.38 0.228968
0.39 0.22875
0.4 0.228525
0.41 0.228296
0.42 0.22806
0.43 0.227819
0.44 0.227573
0.45 0.227321
0.46 0.227063
0.47 0.2268
0.48 0.226531
0.49 0.226257
0.5 0.225977
0.51 0.225692
0.52 0.225402
0.53 0.225106
0.54 0.224804
0.55 0.224497
0.56 0.224185
0.57 0.223867
0.58 0.223544
0.59 0.223215
0.6 0.222881
0.61 0.222541
0.62 0.222197
0.63 0.221846
0.64 0.221491
0.65 0.22113
0.66 0.220764
0.67 0.220392
0.68 0.220015
0.69 0.219633
0.7 0.219246
0.71 0.218853
0.72 0.218456
0.73 0.218052
0.74 0.217644
0.75 0.217231
0.76 0.216812
0.77 0.216388
0.78 0.215959
0.79 0.215525
0.8 0.215086
0.81 0.214641
0.82 0.214192
0.83 0.213737
0.84 0.213277
0.85 0.212813
0.86 0.212343
0.87 0.211868
0.88 0.211388
0.89 0.210904
0.9 0.210414
0.91 0.209919
0.92 0.20942
0.93 0.208915
0.94 0.208406
0.95 0.207892
0.96 0.207372
0.97 0.206848
0.98 0.20632
0.99 0.205786
1 0.205247
1.01 0.204704
1.02 0.204156
1.03 0.203604
1.04 0.203046
1.05 0.202484
1.06 0.201917
1.07 0.201346
1.08 0.20077
1.09 0.200189
1.1 0.199604
1.11 0.199014
1.12 0.19842
1.13 0.197821
1.14 0.197218
1.15 0.19661
1.16 0.195998
1.17 0.195381
1.18 0.19476
1.19 0.194134
1.2 0.193504
1.21 0.19287
1.22 0.192232
1.23 0.191589
1.24 0.190942
1.25 0.19029
1.26 0.189635
1.27 0.188975
1.28 0.188311
1.29 0.187642
1.3 0.18697
1.31 0.186294
1.32 0.185613
1.33 0.184929
1.34 0.18424
1.35 0.183548
1.36 0.182851
1.37 0.18215
1.38 0.181446
1.39 0.180738
1.4 0.180025
1.41 0.179309
1.42 0.178589
1.43 0.177866
1.44 0.177138
1.45 0.176407
1.46 0.175672
1.47 0.174934
1.48 0.174191
1.49 0.173445
1.5 0.172696
1.51 0.171943
1.52 0.171186
1.53 0.170426
1.54 0.169663
1.55 0.168896
1.56 0.168125
1.57 0.167351
1.58 0.166574
1.59 0.165794
1.6 0.16501
1.61 0.164223
1.62 0.163432
1.63 0.162639
1.64 0.161842
1.65 0.161042
1.66 0.160239
1.67 0.159433
1.68 0.158624
1.69 0.157812
1.7 0.156997
1.71 0.156179
1.72 0.155357
1.73 0.154534
1.74 0.153707
1.75 0.152877
1.76 0.152045
1.77 0.15121
1.78 0.150372
1.79 0.149531
1.8 0.148688
1.81 0.147842
1.82 0.146994
1.83 0.146143
1.84 0.145289
1.85 0.144433
1.86 0.143575
1.87 0.142714
1.88 0.141851
1.89 0.140985
1.9 0.140118
1.91 0.139247
1.92 0.138375
1.93 0.137501
1.94 0.136624
1.95 0.135745
1.96 0.134864
1.97 0.133981
1.98 0.133097
1.99 0.13221
2 0.131321
2.01 0.13043
2.02 0.129538
2.03 0.128643
2.04 0.127747
2.05 0.126849
2.06 0.12595
2.07 0.125048
2.08 0.124146
2.09 0.123241
2.1 0.122335
2.11 0.121428
2.12 0.120519
2.13 0.119608
2.14 0.118697
2.15 0.117784
2.16 0.116869
2.17 0.115954
2.18 0.115037
2.19 0.114119
2.2 0.1132
2.21 0.11228
2.22 0.111359
2.23 0.110436
2.24 0.109513
2.25 0.108589
2.26 0.107664
2.27 0.106738
2.28 0.105812
2.29 0.104884
2.3 0.103956
2.31 0.103028
2.32 0.102098
2.33 0.101169
2.34 0.100238
2.35 0.0993074
2.36 0.0983761
2.37 0.0974444
2.38 0.0965125
2.39 0.0955802
2.4 0.0946476
2.41 0.0937149
2.42 0.092782
2.43 0.091849
2.44 0.0909159
2.45 0.0899828
2.46 0.0890498
2.47 0.0881168
2.48 0.087184
2.49 0.0862513
2.5 0.0853188
2.51 0.0843866
2.52 0.0834547
2.53 0.0825232
2.54 0.0815921
2.55 0.0806615
2.56 0.0797314
2.57 0.0788018
2.58 0.0778728
2.59 0.0769445
2.6 0.0760169
2.61 0.0750901
2.62 0.0741641
2.63 0.0732389
2.64 0.0723146
2.65 0.0713913
2.66 0.070469
2.67 0.0695478
2.68 0.0686276
2.69 0.0677087
2.7 0.0667909
2.71 0.0658744
2.72 0.0649592
2.73 0.0640454
2.74 0.063133
2.75 0.0622221
2.76 0.0613128
2.77 0.060405
2.78 0.0594988
2.79 0.0585943
2.8 0.0576916
2.81 0.0567906
2.82 0.0558915
2.83 0.0549943
2.84 0.054099
2.85 0.0532058
2.86 0.0523146
2.87 0.0514256
2.88 0.0505387
2.89 0.049654
2.9 0.0487717
2.91 0.0478916
2.92 0.047014
2.93 0.0461388
2.94 0.0452661
2.95 0.044396
2.96 0.0435285
2.97 0.0426637
2.98 0.0418016
2.99 0.0409424
3 0.0400859
3.01 0.0392324
3.02 0.0383818
3.03 0.0375343
3.04 0.0366898
3.05 0.0358485
3.06 0.0350103
3.07 0.0341754
3.08 0.0333439
3.09 0.0325157
3.1 0.0316909
3.11 0.0308696
3.12 0.0300519
3.13 0.0292378
3.14 0.0284273
3.15 0.0276206
3.16 0.0268177
3.17 0.0260186
3.18 0.0252235
3.19 0.0244323
3.2 0.0236451
3.21 0.0228621
3.22 0.0220832
3.23 0.0213085
3.24 0.0205381
3.25 0.019772
3.26 0.0190104
3.27 0.0182532
3.28 0.0175005
3.29 0.0167524
3.3 0.016009
3.31 0.0152703
3.32 0.0145364
3.33 0.0138074
3.34 0.0130832
3.35 0.012364
3.36 0.0116499
3.37 0.0109408
3.38 0.010237
3.39 0.00953832
3.4 0.00884497
3.41 0.00815699
3.42 0.00747443
3.43 0.00679736
3.44 0.00612585
3.45 0.00545997
3.46 0.00479977
3.47 0.00414534
3.48 0.00349672
3.49 0.00285399
3.5 0.00221722
3.51 0.00158648
3.52 0.000961823
3.53 0.000343326
3.54 -0.000268946
3.55 -0.000874924
3.56 -0.00147454
3.57 -0.00206773
3.58 -0.00265442
3.59 -0.00323454
3.6 -0.00380802
3.61 -0.00437481
3.62 -0.00493482
3.63 -0.00548798
3.64 -0.00603423
3.65 -0.0065735
3.66 -0.00710572
3.67 -0.00763082
3.68 -0.00814872
3.69 -0.00865936
3.7 -0.00916267
3.71 -0.00965857
3.72 -0.010147
3.73 -0.0106279
3.74 -0.0111011
3.75 -0.0115667
3.76 -0.0120245
3.77 -0.0124745
3.78 -0.0129165
3.79 -0.0133506
3.8 -0.0137767
3.81 -0.0141946
3.82 -0.0146043
3.83 -0.0150057
3.84 -0.0153988
3.85 -0.0157835
3.86 -0.0161597
3.87 -0.0165273
3.88 -0.0168863
3.89 -0.0172366
3.9 -0.0175781
3.91 -0.0179107
3.92 -0.0182344
3.93 -0.0185491
3.94 -0.0188547
3.95 -0.0191511
3.96 -0.0194383
3.97 -0.0197161
3.98 -0.0199846
3.99 -0.0202436
4 -0.0204931
4.01 -0.0207329
4.02 -0.0209631
4.03 -0.0211834
4.04 -0.021394
4.05 -0.0215945
4.06 -0.0217851
4.07 -0.0219656
4.08 -0.022136
4.09 -0.022296
4.1 -0.0224458
4.11 -0.0225852
4.12 -0.0227141
4.13 -0.0228324
4.14 -0.0229402
4.15 -0.0230372
4.16 -0.0231234
4.17 -0.0231987
4.18 -0.0232631
4.19 -0.0233164
4.2 -0.0233586
4.21 -0.0233897
4.22 -0.0234094
4.23 -0.0234178
4.24 -0.0234148
4.25 -0.0234003
4.26 -0.0233741
4.27 -0.0233363
4.28 -0.0232867
4.29 -0.0232253
4.3 -0.0231519
4.31 -0.0230665
4.32 -0.0229691
4.33 -0.0228594
4.34 -0.0227375
4.35 -0.0226033
4.36 -0.0224566
4.37 -0.0222975
4.38 -0.0221257
4.39 -0.0219413
4.4 -0.0217441
4.41 -0.021534
4.42 -0.0213111
4.43 -0.0210751
4.44 -0.020826
4.45 -0.0205637
4.46 -0.0202882
4.47 -0.0199993
4.48 -0.019697
4.49 -0.0193812
4.5 -0.0190517
4.51 -0.0187085
4.52 -0.0183516
4.53 -0.0179808
4.54 -0.017596
4.55 -0.0171972
4.56 -0.0167842
4.57 -0.0163571
4.58 -0.0159156
4.59 -0.0154597
4.6 -0.0149894
4.61 -0.0145045
4.62 -0.0140049
4.63 -0.0134906
4.64 -0.0129614
4.65 -0.0124173
4.66 -0.0118582
4.67 -0.011284
4.68 -0.0106946
4.69 -0.0100899
4.7 -0.00946987
4.71 -0.00883435
4.72 -0.00818328
4.73 -0.00751656
4.74 -0.00683411
4.75 -0.00613584
4.76 -0.00542165
4.77 -0.00469145
4.78 -0.00394516
4.79 -0.00318267
4.8 -0.00240391
4.81 -0.00160876
4.82 -0.000797156
4.83 3.10109e-05
4.84 0.000875829
4.85 0.00173739
4.86 0.00261579
4.87 0.00351112
4.88 0.00442347
4.89 0.00535294
4.9 0.00629962
4.91 0.0072636
4.92 0.00824499
4.93 0.00924386
4.94 0.0102603
4.95 0.0112945
4.96 0.0123464
4.97 0.0134162
4.98 0.014504
4.99 0.0156098
5 0.0167338


-5 -0.0650036
-4.99 -0.0499855
-4.98 -0.0361162
-4.97 -0.023346
-4.96 -0.0116261
-4.95 -0.000909538
-4.94 0.00884946
-4.93 0.0176953
-4.92 0.025671
-4.91 0.0328185
-4.9 0.0391781
-4.89 0.0447892
-4.88 0.0496898
-4.87 0.0539168
-4.86 0.057506
-4.85 0.0604918
-4.84 0.0629077
-4.83 0.064786
-4.82 0.0661582
-4.81 0.0670544
-4.8 0.0675038
-4.79 0.0675347
-4.78 0.0671743
-4.77 0.066449
-4.76 0.0653841
-4.75 0.0640041
-4.74 0.0623326
-4.73 0.0603922
-4.72 0.0582048
-4.71 0.0557915
-4.7 0.0531724
-4.69 0.0503671
-4.68 0.0473941
-4.67 0.0442713
-4.66 0.0410161
-4.65 0.0376447
-4.64 0.034173
-4.63 0.0306161
-4.62 0.0269884
-4.61 0.0233036
-4.6 0.019575
-4.59 0.015815
-4.58 0.0120356
-4.57 0.00824817
-4.56 0.00446349
-4.55 0.000691804
-4.54 -0.00305716
-4.53 -0.00677423
-4.52 -0.0104507
-4.51 -0.0140784
-4.5 -0.0176495
-4.49 -0.0211569
-4.48 -0.0245938
-4.47 -0.0279537
-4.46 -0.0312307
-4.45 -0.0344192
-4.44 -0.0375142
-4.43 -0.0405109
-4.42 -0.043405
-4.41 -0.0461923
-4.4 -0.0488692
-4.39 -0.0514325
-4.38 -0.053879
-4.37 -0.0562062
-4.36 -0.0584117
-4.35 -0.0604933
-4.34 -0.0624493
-4.33 -0.0642782
-4.32 -0.0659788
-4.31 -0.0675499
-4.3 -0.068991
-4.29 -0.0703014
-4.28 -0.0714809
-4.27 -0.0725295
-4.26 -0.0734472
-4.25 -0.0742345
-4.24 -0.0748918
-4.23 -0.0754199
-4.22 -0.0758198
-4.21 -0.0760924
-4.2 -0.076239
-4.19 -0.076261
-4.18 -0.07616
-4.17 -0.0759376
-4.16 -0.0755957
-4.15 -0.0751361
-4.14 -0.074561
-4.13 -0.0738724
-4.12 -0.0730728
-4.11 -0.0721644
-4.1 -0.0711497
-4.09 -0.0700314
-4.08 -0.0688119
-4.07 -0.0674942
-4.06 -0.0660808
-4.05 -0.0645748
-4.04 -0.062979
-4.03 -0.0612965
-4.02 -0.0595301
-4.01 -0.057683
-4 -0.0557584
-3.99 -0.0537593
-3.98 -0.051689
-3.97 -0.0495507
-3.96 -0.0473476
-3.95 -0.0450829
-3.94 -0.04276
-3.93 -0.0403821
-3.92 -0.0379526
-3.91 -0.0354746
-3.9 -0.0329516
-3.89 -0.0303869
-3.88 -0.0277836
-3.87 -0.0251452
-3.86 -0.0224749
-3.85 -0.019776
-3.84 -0.0170516
-3.83 -0.0143051
-3.82 -0.0115397
-3.81 -0.00875843
-3.8 -0.00596458
-3.79 -0.00316123
-3.78 -0.000351486
-3.77 0.00246161
-3.76 0.00527502
-3.75 0.00808578
-3.74 0.0108909
-3.73 0.0136876
-3.72 0.0164728
-3.71 0.0192439
-3.7 0.0219981
-3.69 0.0247325
-3.68 0.0274447
-3.67 0.0301319
-3.66 0.0327916
-3.65 0.0354212
-3.64 0.0380184
-3.63 0.0405808
-3.62 0.0431059
-3.61 0.0455915
-3.6 0.0480354
-3.59 0.0504354
-3.58 0.0527894
-3.57 0.0550955
-3.56 0.0573515
-3.55 0.0595556
-3.54 0.0617059
-3.53 0.0638007
-3.52 0.0658382
-3.51 0.0678168
-3.5 0.0697348
-3.49 0.0715908
-3.48 0.0733833
-3.47 0.0751109
-3.46 0.0767722
-3.45 0.0783661
-3.44 0.0798912
-3.43 0.0813465
-3.42 0.0827309
-3.41 0.0840434
-3.4 0.0852831
-3.39 0.0864491
-3.38 0.0875405
-3.37 0.0885568
-3.36 0.0894972
-3.35 0.0903611
-3.34 0.0911479
-3.33 0.0918572
-3.32 0.0924886
-3.31 0.0930417
-3.3 0.0935163
-3.29 0.0939121
-3.28 0.0942289
-3.27 0.0944667
-3.26 0.0946255
-3.25 0.0947052
-3.24 0.0947059
-3.23 0.0946278
-3.22 0.094471
-3.21 0.0942359
-3.2 0.0939228
-3.19 0.093532
-3.18 0.0930639
-3.17 0.0925191
-3.16 0.091898
-3.15 0.0912013
-3.14 0.0904296
-3.13 0.0895836
-3.12 0.0886641
-3.11 0.0876717
-3.1 0.0866075
-3.09 0.0854723
-3.08 0.084267
-3.07 0.0829925
-3.06 0.08165
-3.05 0.0802406
-3.04 0.0787652
-3.03 0.0772252
-3.02 0.0756216
-3.01 0.0739558
-3 0.072229
-2.99 0.0704426
-2.98 0.0685978
-2.97 0.0666962
-2.96 0.0647391
-2.95 0.062728
-2.94 0.0606643
-2.93 0.0585498
-2.92 0.0563858
-2.91 0.054174
-2.9 0.051916
-2.89 0.0496135
-2.88 0.0472681
-2.87 0.0448816
-2.86 0.0424556
-2.85 0.039992
-2.84 0.0374925
-2.83 0.0349588
-2.82 0.0323929
-2.81 0.0297966
-2.8 0.0271717
-2.79 0.0245201
-2.78 0.0218437
-2.77 0.0191443
-2.76 0.016424
-2.75 0.0136847
-2.74 0.0109283
-2.73 0.00815669
-2.72 0.00537196
-2.71 0.00257606
-2.7 -0.00022904
-2.69 -0.00304133
-2.68 -0.00585881
-2.67 -0.00867947
-2.66 -0.0115013
-2.65 -0.0143223
-2.64 -0.0171404
-2.63 -0.0199536
-2.62 -0.0227599
-2.61 -0.0255573
-2.6 -0.0283437
-2.59 -0.0311172
-2.58 -0.0338757
-2.57 -0.0366172
-2.56 -0.0393396
-2.55 -0.0420411
-2.54 -0.0447196
-2.53 -0.0473731
-2.52 -0.0499996
-2.51 -0.0525972
-2.5 -0.0551639
-2.49 -0.0576978
-2.48 -0.0601969
-2.47 -0.0626593
-2.46 -0.0650832
-2.45 -0.0674665
-2.44 -0.0698074
-2.43 -0.0721041
-2.42 -0.0743547
-2.41 -0.0765574
-2.4 -0.0787103
-2.39 -0.0808117
-2.38 -0.0828598
-2.37 -0.0848529
-2.36 -0.0867891
-2.35 -0.0886669
-2.34 -0.0904844
-2.33 -0.0922401
-2.32 -0.0939322
-2.31 -0.0955592
-2.3 -0.0971195
-2.29 -0.0986115
-2.28 -0.100034
-2.27 -0.101384
-2.26 -0.102662
-2.25 -0.103866
-2.24 -0.104994
-2.23 -0.106044
-2.22 -0.107016
-2.21 -0.107908
-2.2 -0.108719
-2.19 -0.109448
-2.18 -0.110092
-2.17 -0.110652
-2.16 -0.111125
-2.15 -0.111511
-2.14 -0.111809
-2.13 -0.112017
-2.12 -0.112134
-2.11 -0.11216
-2.1 -0.112092
-2.09 -0.111931
-2.08 -0.111676
-2.07 -0.111325
-2.06 -0.110878
-2.05 -0.110333
-2.04 -0.10969
-2.03 -0.108949
-2.02 -0.108108
-2.01 -0.107167
-2 -0.106126
-1.99 -0.104982
-1.98 -0.103737
-1.97 -0.102389
-1.96 -0.100939
-1.95 -0.0993844
-1.94 -0.0977262
-1.93 -0.0959636
-1.92 -0.0940964
-1.91 -0.0921242
-1.9 -0.0900467
-1.89 -0.0878637
-1.88 -0.085575
-1.87 -0.0831804
-1.86 -0.0806798
-1.85 -0.078073
-1.84 -0.0753601
-1.83 -0.072541
-1.82 -0.0696158
-1.81 -0.0665845
-1.8 -0.0634471
-1.79 -0.0602039
-1.78 -0.0568549
-1.77 -0.0534005
-1.76 -0.0498408
-1.75 -0.0461762
-1.74 -0.0424068
-1.73 -0.0385332
-1.72 -0.0345556
-1.71 -0.0304746
-1.7 -0.0262905
-1.69 -0.0220039
-1.68 -0.0176153
-1.67 -0.0131253
-1.66 -0.0085344
-1.65 -0.00384334
-1.64 0.000947235
-1.63 0.00583662
-1.62 0.0108241
-1.61 0.0159088
-1.6 0.0210901
-1.59 0.0263669
-1.58 0.0317386
-1.57 0.0372041
-1.56 0.0427625
-1.55 0.0484129
-1.54 0.0541542
-1.53 0.0599854
-1.52 0.0659055
-1.51 0.0719133
-1.5 0.0780078
-1.49 0.0841876
-1.48 0.0904518
-1.47 0.0967991
-1.46 0.103228
-1.45 0.109738
-1.44 0.116327
-1.43 0.122993
-1.42 0.129737
-1.41 0.136555
-1.4 0.143447
-1.39 0.150412
-1.38 0.157448
-1.37 0.164553
-1.36 0.171725
-1.35 0.178965
-1.34 0.186269
-1.33 0.193636
-1.32 0.201065
-1.31 0.208554
-1.3 0.216101
-1.29 0.223705
-1.28 0.231364
-1.27 0.239076
-1.26 0.24684
-1.25 0.254654
-1.24 0.262516
-1.23 0.270425
-1.22 0.278378
-1.21 0.286373
-1.2 0.29441
-1.19 0.302485
-1.18 0.310598
-1.17 0.318747
-1.16 0.326928
-1.15 0.335141
-1.14 0.343384
-1.13 0.351655
-1.12 0.359952
-1.11 0.368272
-1.1 0.376614
-1.09 0.384977
-1.08 0.393357
-1.07 0.401753
-1.06 0.410163
-1.05 0.418586
-1.04 0.427018
-1.03 0.435458
-1.02 0.443905
-1.01 0.452355
-1 0.460807
-0.99 0.46926
-0.98 0.47771
-0.97 0.486156
-0.96 0.494596
-0.95 0.503027
-0.94 0.511449
-0.93 0.519858
-0.92 0.528253
-0.91 0.536631
-0.9 0.544991
-0.89 0.553331
-0.88 0.561648
-0.87 0.569941
-0.86 0.578207
-0.85 0.586445
-0.84 0.594652
-0.83 0.602827
-0.82 0.610967
-0.81 0.61907
-0.8 0.627136
-0.79 0.63516
-0.78 0.643142
-0.77 0.65108
-0.76 0.658971
-0.75 0.666814
-0.74 0.674607
-0.73 0.682347
-0.72 0.690033
-0.71 0.697664
-0.7 0.705236
-0.69 0.712749
-0.68 0.7202
-0.67 0.727587
-0.66 0.73491
-0.65 0.742165
-0.64 0.749351
-0.63 0.756466
-0.62 0.763509
-0.61 0.770478
-0.6 0.777371
-0.59 0.784186
-0.58 0.790922
-0.57 0.797576
-0.56 0.804148
-0.55 0.810636
-0.54 0.817037
-0.53 0.823351
-0.52 0.829576
-0.51 0.83571
-0.5 0.841752
-0.49 0.8477
-0.48 0.853553
-0.47 0.85931
-0.46 0.864968
-0.45 0.870527
-0.44 0.875984
-0.43 0.88134
-0.42 0.886591
-0.41 0.891738
-0.4 0.896779
-0.39 0.901712
-0.38 0.906536
-0.37 0.91125
-0.36 0.915853
-0.35 0.920344
-0.34 0.924722
-0.33 0.928985
-0.32 0.933132
-0.31 0.937163
-0.3 0.941076
-0.29 0.94487
-0.28 0.948545
-0.27 0.952099
-0.26 0.955532
-0.25 0.958843
-0.24 0.962031
-0.23 0.965094
-0.22 0.968034
-0.21 0.970847
-0.2 0.973535
-0.19 0.976096
-0.18 0.978529
-0.17 0.980834
-0.16 0.983011
-0.15 0.985059
-0.14 0.986976
-0.13 0.988764
-0.12 0.990421
-0.11 0.991947
-0.1 0.993342
-0.09 0.994605
-0.08 0.995736
-0.07 0.996734
-0.06 0.9976
-0.05 0.998333
-0.04 0.998933
-0.03 0.9994
-0.02 0.999733
-0.01 0.999933
0 1
0.01 0.999933
0.02 0.999733
0.03 0.9994
0.04 0.998933
0.05 0.998333
0.06 0.9976
0.07 0.996734
0.08 0.995736
0.09 0.994605
0.1 0.993342
0.11 0.991947
0.12 0.990421
0.13 0.988764
0.14 0.986976
0.15 0.985059
0.16 0.983011
0.17 0.980834
0.18 0.978529
0.19 0.976096
0.2 0.973535
0.21 0.970847
0.22 0.968034
0.23 0.965094
0.24 0.962031
0.25 0.958843
0.26 0.955532
0.27 0.952099
0.28 0.948545
0.29 0.94487
0.3 0.941076
0.31 0.937163
0.32 0.933132
0.33 0.928985
0.34 0.924722
0.35 0.920344
0.36 0.915853
0.37 0.91125
0.38 0.906536
0.39 0.901712
0.4 0.896779
0.41 0.891738
0.42 0.886591
0.43 0.88134
0.44 0.875984
0.45 0.870527
0.46 0.864968
0.47 0.85931
0.48 0.853553
0.49 0.8477
0.5 0.841752
0.51 0.83571
0.52 0.829576
0.53 0.823351
0.54 0.817037
0.55 0.810636
0.56 0.804148
0.57 0.797576
0.58 0.790922
0.59 0.784186
0.6 0.777371
0.61 0.770478
0.62 0.763509
0.63 0.756466
0.64 0.749351
0.65 0.742165
0.66 0.73491
0.67 0.727587
0.68 0.7202
0.69 0.712749
0.7 0.705236
0.71 0.697664
0.72 0.690033
0.73 0.682347
0.74 0.674607
0.75 0.666814
0.76 0.658971
0.77 0.65108
0.78 0.643142
0.79 0.63516
0.8 0.627136
0.81 0.61907
0.82 0.610967
0.83 0.602827
0.84 0.594652
0.85 0.586445
0.86 0.578207
0.87 0.569941
0.88 0.561648
0.89 0.553331
0.9 0.544991
0.91 0.536631
0.92 0.528253
0.93 0.519858
0.94 0.511449
0.95 0.503027
0.96 0.494596
0.97 0.486156
0.98 0.47771
0.99 0.46926
1 0.460807
1.01 0.452355
1.02 0.443905
1.03 0.435458
1.04 0.427018
1.05 0.418586
1.06 0.410163
1.07 0.401753
1.08 0.393357
1.09 0.384977
1.1 0.376614
1.11 0.368272
1.12 0.359952
1.13 0.351655
1.14 0.343384
1.15 0.335141
1.16 0.326928
1.17 0.318747
1.18 0.310598
1.19 0.302485
1.2 0.29441
1.21 0.286373
1.22 0.278378
1.23 0.270425
1.24 0.262516
1.25 0.254654
1.26 0.24684
1.27 0.239076
1.28 0.231364
1.29 0.223705
1.3 0.216101
1.31 0.208554
1.32 0.201065
1.33 0.193636
1.34 0.186269
1.35 0.178965
1.36 0.171725
1.37 0.164553
1.38 0.157448
1.39 0.150412
1.4 0.143447
1.41 0.136555
1.42 0.129737
1.43 0.122993
1.44 0.116327
1.45 0.109738
1.46 0.103228
1.47 0.0967991
1.48 0.0904518
1.49 0.0841876
1.5 0.0780078
1.51 0.0719133
1.52 0.0659055
1.53 0.0599854
1.54 0.0541542
1.55 0.0484129
1.56 0.0427625
1.57 0.0372041
1.58 0.0317386
1.59 0.0263669
1.6 0.0210901
1.61 0.0159088
1.62 0.0108241
1.63 0.00583662
1.64 0.000947235
1.65 -0.00384334
1.66 -0.0085344
1.67 -0.0131253
1.68 -0.0176153
1.69 -0.0220039
1.7 -0.0262905
1.71 -0.0304746
1.72 -0.0345556
1.73 -0.0385332
1.74 -0.0424068
1.75 -0.0461762
1.76 -0.0498408
1.77 -0.0534005
1.78 -0.0568549
1.79 -0.0602039
1.8 -0.0634471
1.81 -0.0665845
1.82 -0.0696158
1.83 -0.072541
1.84 -0.0753601
1.85 -0.078073
1.86 -0.0806798
1.87 -0.0831804
1.88 -0.085575
1.89 -0.0878637
1.9 -0.0900467
1.91 -0.0921242
1.92 -0.0940964
1.93 -0.0959636
1.94 -0.0977262
1.95 -0.0993844
1.96 -0.100939
1.97 -0.102389
1.98 -0.103737
1.99 -0.104982
2 -0.106126
2.01 -0.107167
2.02 -0.108108
2.03 -0.108949
2.04 -0.10969
2.05 -0.110333
2.06 -0.110878
2.07 -0.111325
2.08 -0.111676
2.09 -0.111931
2.1 -0.112092
2.11 -0.11216
2.12 -0.112134
2.13 -0.112017
2.14 -0.111809
2.15 -0.111511
2.16 -0.111125
2.17 -0.110652
2.18 -0.110092
2.19 -0.109448
2.2 -0.108719
2.21 -0.107908
2.22 -0.107016
2.23 -0.106044
2.24 -0.104994
2.25 -0.103866
2.26 -0.102662
2.27 -0.101384
2.28 -0.100034
2.29 -0.0986115
2.3 -0.0971195
2.31 -0.0955592
2.32 -0.0939322
2.33 -0.0922401
2.34 -0.0904844
2.35 -0.0886669
2.36 -0.0867891
2.37 -0.0848529
2.38 -0.0828598
2.39 -0.0808117
2.4 -0.0787103
2.41 -0.0765574
2.42 -0.0743547
2.43 -0.0721041
2.44 -0.0698074
2.45 -0.0674665
2.46 -0.0650832
2.47 -0.0626593
2.48 -0.0601969
2.49 -0.0576978
2.5 -0.0551639
2.51 -0.0525972
2.52 -0.0499996
2.53 -0.0473731
2.54 -0.0447196
2.55 -0.0420411
2.56 -0.0393396
2.57 -0.0366172
2.58 -0.0338757
2.59 -0.0311172
2.6 -0.0283437
2.61 -0.0255573
2.62 -0.0227599
2.63 -0.0199536
2.64 -0.0171404
2.65 -0.0143223
2.66 -0.0115013
2.67 -0.00867947
2.68 -0.00585881
2.69 -0.00304133
2.7 -0.00022904
2.71 0.00257606
2.72 0.00537196
2.73 0.00815669
2.74 0.0109283
2.75 0.0136847
2.76 0.016424
2.77 0.0191443
2.78 0.0218437
2.79 0.0245201
2.8 0.0271717
2.81 0.0297966
2.82 0.0323929
2.83 0.0349588
2.84 0.0374925
2.85 0.039992
2.86 0.0424556
2.87 0.0448816
2.88 0.0472681
2.89 0.0496135
2.9 0.051916
2.91 0.054174
2.92 0.0563858
2.93 0.0585498
2.94 0.0606643
2.95 0.062728
2.96 0.0647391
2.97 0.0666962
2.98 0.0685978
2.99 0.0704426
3 0.072229
3.01 0.0739558
3.02 0.0756216
3.03 0.0772252
3.04 0.0787652
3.05 0.0802406
3.06 0.08165
3.07 0.0829925
3.08 0.084267
3.09 0.0854723
3.1 0.0866075
3.11 0.0876717
3.12 0.0886641
3.13 0.0895836
3.14 0.0904296
3.15 0.0912013
3.16 0.091898
3.17 0.0925191
3.18 0.0930639
3.19 0.093532
3.2 0.0939228
3.21 0.0942359
3.22 0.094471
3.23 0.0946278
3.24 0.0947059
3.25 0.0947052
3.26 0.0946255
3.27 0.0944667
3.28 0.0942289
3.29 0.0939121
3.3 0.0935163
3.31 0.0930417
3.32 0.0924886
3.33 0.0918572
3.34 0.0911479
3.35 0.0903611
3.36 0.0894972
3.37 0.0885568
3.38 0.0875405
3.39 0.0864491
3.4 0.0852831
3.41 0.0840434
3.42 0.0827309
3.43 0.0813465
3.44 0.0798912
3.45 0.0783661
3.46 0.0767722
3.47 0.0751109
3.48 0.0733833
3.49 0.0715908
3.5 0.0697348
3.51 0.0678168
3.52 0.0658382
3.53 0.0638007
3.54 0.0617059
3.55 0.0595556
3.56 0.0573515
3.57 0.0550955
3.58 0.0527894
3.59 0.0504354
3.6 0.0480354
3.61 0.0455915
3.62 0.0431059
3.63 0.0405808
3.64 0.0380184
3.65 0.0354212
3.66 0.0327916
3.67 0.0301319
3.68 0.0274447
3.69 0.0247325
3.7 0.0219981
3.71 0.0192439
3.72 0.0164728
3.73 0.0136876
3.74 0.0108909
3.75 0.00808578
3.76 0.00527502
3.77 0.00246161
3.78 -0.000351486
3.79 -0.00316123
3.8 -0.00596458
3.81 -0.00875843
3.82 -0.0115397
3.83 -0.0143051
3.84 -0.0170516
3.85 -0.019776
3.86 -0.0224749
3.87 -0.0251452
3.88 -0.0277836
3.89 -0.0303869
3.9 -0.0329516
3.91 -0.0354746
3.92 -0.0379526
3.93 -0.0403821
3.94 -0.04276
3.95 -0.0450829
3.96 -0.0473476
3.97 -0.0495507
3.98 -0.051689
3.99 -0.0537593
4 -0.0557584
4.01 -0.057683
4.02 -0.0595301
4.03 -0.0612965
4.04 -0.062979
4.05 -0.0645748
4.06 -0.0660808
4.07 -0.0674942
4.08 -0.0688119
4.09 -0.0700314
4.1 -0.0711497
4.11 -0.0721644
4.12 -0.0730728
4.13 -0.0738724
4.14 -0.074561
4.15 -0.0751361
4.16 -0.0755957
4.17 -0.0759376
4.18 -0.07616
4.19 -0.076261
4.2 -0.076239
4.21 -0.0760924
4.22 -0.0758198
4.23 -0.0754199
4.24 -0.0748918
4.25 -0.0742345
4.26 -0.0734472
4.27 -0.0725295
4.28 -0.0714809
4.29 -0.0703014
4.3 -0.068991
4.31 -0.0675499
4.32 -0.0659788
4.33 -0.0642782
4.34 -0.0624493
4.35 -0.0604933
4.36 -0.0584117
4.37 -0.0562062
4.38 -0.053879
4.39 -0.0514325
4.4 -0.0488692
4.41 -0.0461923
4.42 -0.043405
4.43 -0.0405109
4.44 -0.0375142
4.45 -0.0344192
4.46 -0.0312307
4.47 -0.0279537
4.48 -0.0245938
4.49 -0.0211569
4.5 -0.0176495
4.51 -0.0140784
4.52 -0.0104507
4.53 -0.00677423
4.54 -0.00305716
4.55 0.000691804
4.56 0.00446349
4.57 0.00824817
4.58 0.0120356
4.59 0.015815
4.6 0.019575
4.61 0.0233036
4.62 0.0269884
4.63 0.0306161
4.64 0.034173
4.65 0.0376447
4.66 0.0410161
4.67 0.0442713
4.68 0.0473941
4.69 0.0503671
4.7 0.0531724
4.71 0.0557915
4.72 0.0582048
4.73 0.0603922
4.74 0.0623326
4.75 0.0640041
4.76 0.0653841
4.77 0.066449
4.78 0.0671743
4.79 0.0675347
4.8 0.0675038
4.81 0.0670544
4.82 0.0661582
4.83 0.064786
4.84 0.0629077
4.85 0.0604918
4.86 0.057506
4.87 0.0539168
4.88 0.0496898
4.89 0.0447892
4.9 0.0391781
4.91 0.0328185
4.92 0.025671
4.93 0.0176953
4.94 0.00884946
4.95 -0.000909538
4.96 -0.0116261
4.97 -0.023346
4.98 -0.0361162
4.99 -0.0499855
5 -0.0650036


-5 -0.00532408
-4.99 -0.00283297
-4.98 -0.000744562
-4.97 0.000978936
-4.96 0.00237289
-4.95 0.00347038
-4.94 0.0043023
-4.93 0.00489745
-4.92 0.00528265
-4.91 0.00548285
-4.9 0.00552119
-4.89 0.00541911
-4.88 0.00519644
-4.87 0.00487147
-4.86 0.00446105
-4.85 0.00398064
-4.84 0.0034444
-4.83 0.00286527
-4.82 0.00225502
-4.81 0.00162433
-4.8 0.00098283
-4.79 0.000339197
-4.78 -0.000298815
-4.77 -0.000924312
-4.76 -0.0015312
-4.75 -0.00211416
-4.74 -0.00266854
-4.73 -0.00319038
-4.72 -0.00367633
-4.71 -0.00412361
-4.7 -0.00452995
-4.69 -0.00489361
-4.68 -0.00521327
-4.67 -0.00548806
-4.66 -0.00571747
-4.65 -0.00590135
-4.64 -0.0060399
-4.63 -0.00613358
-4.62 -0.00618313
-4.61 -0.00618953
-4.6 -0.00615399
-4.59 -0.00607789
-4.58 -0.0059628
-4.57 -0.00581044
-4.56 -0.00562264
-4.55 -0.00540136
-4.54 -0.00514864
-4.53 -0.00486663
-4.52 -0.00455751
-4.51 -0.00422351
-4.5 -0.00386691
-4.49 -0.00349001
-4.48 -0.00309511
-4.47 -0.00268452
-4.46 -0.00226053
-4.45 -0.00182541
-4.44 -0.00138142
-4.43 -0.000930752
-4.42 -0.000475585
-4.41 -1.80294e-05
-4.4 0.000439855
-4.39 0.000896072
-4.38 0.00134869
-4.37 0.00179585
-4.36 0.00223578
-4.35 0.00266675
-4.34 0.00308715
-4.33 0.00349544
-4.32 0.00389017
-4.31 0.00426995
-4.3 0.00463352
-4.29 0.00497969
-4.28 0.00530735
-4.27 0.0056155
-4.26 0.00590322
-4.25 0.00616969
-4.24 0.00641415
-4.23 0.00663598
-4.22 0.0068346
-4.21 0.00700954
-4.2 0.00716042
-4.19 0.00728693
-4.18 0.00738886
-4.17 0.00746606
-4.16 0.00751847
-4.15 0.0075461
-4.14 0.00754906
-4.13 0.00752749
-4.12 0.00748163
-4.11 0.00741177
-4.1 0.00731829
-4.09 0.00720159
-4.08 0.00706217
-4.07 0.00690056
-4.06 0.00671736
-4.05 0.00651321
-4.04 0.00628879
-4.03 0.00604484
-4.02 0.00578215
-4.01 0.00550152
-4 0.00520381
-3.99 0.0048899
-3.98 0.00456071
-3.97 0.00421718
-3.96 0.00386028
-3.95 0.003491
-3.94 0.00311034
-3.93 0.00271933
-3.92 0.00231901
-3.91 0.00191043
-3.9 0.00149464
-3.89 0.00107272
-3.88 0.000645724
-3.87 0.000214724
-3.86 -0.000219211
-3.85 -0.00065502
-3.84 -0.00109164
-3.83 -0.00152803
-3.82 -0.00196315
-3.81 -0.00239596
-3.8 -0.00282546
-3.79 -0.00325065
-3.78 -0.00367054
-3.77 -0.00408419
-3.76 -0.00449064
-3.75 -0.00488898
-3.74 -0.00527833
-3.73 -0.00565781
-3.72 -0.00602658
-3.71 -0.00638384
-3.7 -0.0067288
-3.69 -0.00706071
-3.68 -0.00737886
-3.67 -0.00768255
-3.66 -0.00797113
-3.65 -0.00824399
-3.64 -0.00850054
-3.63 -0.00874023
-3.62 -0.00896255
-3.61 -0.00916702
-3.6 -0.00935322
-3.59 -0.00952073
-3.58 -0.0096692
-3.57 -0.0097983
-3.56 -0.00990775
-3.55 -0.00999729
-3.54 -0.0100667
-3.53 -0.0101159
-3.52 -0.0101447
-3.51 -0.0101529
-3.5 -0.0101406
-3.49 -0.0101077
-3.48 -0.0100543
-3.47 -0.00998038
-3.46 -0.00988605
-3.45 -0.00977145
-3.44 -0.00963674
-3.43 -0.00948213
-3.42 -0.00930786
-3.41 -0.00911418
-3.4 -0.00890141
-3.39 -0.00866987
-3.38 -0.00841995
-3.37 -0.00815202
-3.36 -0.00786652
-3.35 -0.00756391
-3.34 -0.00724467
-3.33 -0.00690932
-3.32 -0.00655838
-3.31 -0.00619242
-3.3 -0.00581203
-3.29 -0.00541782
-3.28 -0.00501042
-3.27 -0.00459049
-3.26 -0.00415868
-3.25 -0.0037157
-3.24 -0.00326225
-3.23 -0.00279905
-3.22 -0.00232685
-3.21 -0.0018464
-3.2 -0.00135845
-3.19 -0.000863792
-3.18 -0.000363207
-3.17 0.00014251
-3.16 0.000652557
-3.15 0.00116612
-3.14 0.0016824
-3.13 0.00220056
-3.12 0.00271979
-3.11 0.00323927
-3.1 0.00375817
-3.09 0.00427568
-3.08 0.00479097
-3.07 0.00530323
-3.06 0.00581165
-3.05 0.00631542
-3.04 0.00681376
-3.03 0.00730586
-3.02 0.00779095
-3.01 0.00826826
-3 0.00873703
-2.99 0.00919652
-2.98 0.00964599
-2.97 0.0100847
-2.96 0.010512
-2.95 0.0109272
-2.94 0.0113297
-2.93 0.0117187
-2.92 0.0120936
-2.91 0.0124539
-2.9 0.0127989
-2.89 0.0131282
-2.88 0.0134411
-2.87 0.0137371
-2.86 0.0140158
-2.85 0.0142767
-2.84 0.0145193
-2.83 0.0147433
-2.82 0.0149483
-2.81 0.0151338
-2.8 0.0152997
-2.79 0.0154455
-2.78 0.0155711
-2.77 0.0156762
-2.76 0.0157606
-2.75 0.0158241
-2.74 0.0158667
-2.73 0.0158881
-2.72 0.0158883
-2.71 0.0158674
-2.7 0.0158252
-2.69 0.0157618
-2.68 0.0156773
-2.67 0.0155718
-2.66 0.0154454
-2.65 0.0152982
-2.64 0.0151306
-2.63 0.0149427
-2.62 0.0147348
-2.61 0.0145072
-2.6 0.0142602
-2.59 0.0139943
-2.58 0.0137098
-2.57 0.0134072
-2.56 0.013087
-2.55 0.0127497
-2.54 0.0123959
-2.53 0.0120261
-2.52 0.0116409
-2.51 0.011241
-2.5 0.0108272
-2.49 0.0104001
-2.48 0.00996042
-2.47 0.00950902
-2.46 0.00904669
-2.45 0.00857428
-2.44 0.00809267
-2.43 0.00760276
-2.42 0.0071055
-2.41 0.00660185
-2.4 0.00609281
-2.39 0.00557939
-2.38 0.00506266
-2.37 0.00454368
-2.36 0.00402357
-2.35 0.00350344
-2.34 0.00298445
-2.33 0.00246778
-2.32 0.00195463
-2.31 0.00144621
-2.3 0.000943778
-2.29 0.000448587
-2.28 -3.80769e-05
-2.27 -0.000514912
-2.26 -0.000980598
-2.25 -0.0014338
-2.24 -0.00187316
-2.23 -0.00229731
-2.22 -0.00270488
-2.21 -0.00309445
-2.2 -0.00346464
-2.19 -0.003814
-2.18 -0.00414112
-2.17 -0.00444456
-2.16 -0.00472286
-2.15 -0.00497456
-2.14 -0.00519822
-2.13 -0.00539235
-2.12 -0.00555548
-2.11 -0.00568614
-2.1 -0.00578285
-2.09 -0.00584413
-2.08 -0.0058685
-2.07 -0.00585447
-2.06 -0.00580057
-2.05 -0.00570533
-2.04 -0.00556726
-2.03 -0.00538492
-2.02 -0.00515682
-2.01 -0.00488152
-2 -0.00455757
-1.99 -0.00418354
-1.98 -0.003758
-1.97 -0.00327953
-1.96 -0.00274672
-1.95 -0.00215819
-1.94 -0.00151256
-1.93 -0.000808461
-1.92 -4.45563e-05
-1.91 0.000780487
-1.9 0.00166798
-1.89 0.00261921
-1.88 0.00363546
-1.87 0.00471796
-1.86 0.00586796
-1.85 0.00708666
-1.84 0.00837524
-1.83 0.00973485
-1.82 0.0111666
-1.81 0.0126717
-1.8 0.0142511
-1.79 0.0159059
-1.78 0.0176372
-1.77 0.0194458
-1.76 0.0213329
-1.75 0.0232992
-1.74 0.0253458
-1.73 0.0274734
-1.72 0.0296829
-1.71 0.0319751
-1.7 0.0343508
-1.69 0.0368107
-1.68 0.0393554
-1.67 0.0419856
-1.66 0.044702
-1.65 0.0475052
-1.64 0.0503955
-1.63 0.0533737
-1.62 0.05644
-1.61 0.059595
-1.6 0.062839
-1.59 0.0661723
-1.58 0.0695953
-1.57 0.0731081
-1.56 0.0767111
-1.55 0.0804043
-1.54 0.0841879
-1.53 0.088062
-1.52 0.0920267
-1.51 0.0960818
-1.5 0.100227
-1.49 0.104463
-1.48 0.108789
-1.47 0.113205
-1.46 0.117711
-1.45 0.122307
-1.44 0.126991
-1.43 0.131765
-1.42 0.136627
-1.41 0.141576
-1.4 0.146614
-1.39 0.151738
-1.38 0.156948
-1.37 0.162244
-1.36 0.167625
-1.35 0.17309
-1.34 0.178639
-1.33 0.18427
-1.32 0.189983
-1.31 0.195777
-1.3 0.201651
-1.29 0.207603
-1.28 0.213634
-1.27 0.219741
-1.26 0.225924
-1.25 0.232181
-1.24 0.238511
-1.23 0.244914
-1.22 0.251387
-1.21 0.257929
-1.2 0.26454
-1.19 0.271216
-1.18 0.277958
-1.17 0.284763
-1.16 0.291631
-1.15 0.298559
-1.14 0.305545
-1.13 0.312589
-1.12 0.319688
-1.11 0.326841
-1.1 0.334046
-1.09 0.341301
-1.08 0.348604
-1.07 0.355954
-1.06 0.363348
-1.05 0.370785
-1.04 0.378263
-1.03 0.385779
-1.02 0.393332
-1.01 0.40092
-1 0.408541
-0.99 0.416191
-0.98 0.423871
-0.97 0.431576
-0.96 0.439306
-0.95 0.447057
-0.94 0.454828
-0.93 0.462616
-0.92 0.47042
-0.91 0.478236
-0.9 0.486063
-0.89 0.493898
-0.88 0.501739
-0.87 0.509584
-0.86 0.51743
-0.85 0.525275
-0.84 0.533116
-0.83 0.540952
-0.82 0.548779
-0.81 0.556595
-0.8 0.564398
-0.79 0.572186
-0.78 0.579955
-0.77 0.587704
-0.76 0.595431
-0.75 0.603131
-0.74 0.610805
-0.73 0.618447
-0.72 0.626057
-0.71 0.633633
-0.7 0.64117
-0.69 0.648667
-0.68 0.656122
-0.67 0.663533
-0.66 0.670895
-0.65 0.678208
-0.64 0.685469
-0.63 0.692676
-0.62 0.699826
-0.61 0.706916
-0.6 0.713945
-0.59 0.720909
-0.58 0.727808
-0.57 0.734638
-0.56 0.741397
-0.55 0.748082
-0.54 0.754693
-0.53 0.761226
-0.52 0.767678
-0.51 0.774049
-0.5 0.780336
-0.49 0.786536
-0.48 0.792648
-0.47 0.798669
-0.46 0.804597
-0.45 0.810431
-0.44 0.816168
-0.43 0.821806
-0.42 0.827344
-0.41 0.832779
-0.4 0.83811
-0.39 0.843335
-0.38 0.848451
-0.37 0.853458
-0.36 0.858353
-0.35 0.863134
-0.34 0.867801
-0.33 0.872351
-0.32 0.876783
-0.31 0.881095
-0.3 0.885286
-0.29 0.889354
-0.28 0.893298
-0.27 0.897116
-0.26 0.900808
-0.25 0.904371
-0.24 0.907805
-0.23 0.911108
-0.22 0.914279
-0.21 0.917318
-0.2 0.920222
-0.19 0.922991
-0.18 0.925625
-0.17 0.928121
-0.16 0.930479
-0.15 0.932699
-0.14 0.934779
-0.13 0.936719
-0.12 0.938518
-0.11 0.940176
-0.1 0.941691
-0.09 0.943064
-0.08 0.944293
-0.07 0.945379
-0.06 0.946321
-0.05 0.947118
-0.04 0.947771
-0.03 0.948279
-0.02 0.948642
-0.01 0.94886
0 0.948933
0.01 0.94886
0.02 0.948642
0.03 0.948279
0.04 0.947771
0.05 0.947118
0.06 0.946321
0.07 0.945379
0.08 0.944293
0.09 0.943064
0.1 0.941691
0.11 0.940176
0.12 0.938518
0.13 0.936719
0.14 0.934779
0.15 0.932699
0.16 0.930479
0.17 0.928121
0.18 0.925625
0.19 0.922991
0.2 0.920222
0.21 0.917318
0.22 0.914279
0.23 0.911108
0.24 0.907805
0.25 0.904371
0.26 0.900808
0.27 0.897116
0.28 0.893298
0.29 0.889354
0.3 0.885286
0.31 0.881095
0.32 0.876783
0.33 0.872351
0.34 0.867801
0.35 0.863134
0.36 0.858353
0.37 0.853458
0.38 0.848451
0.39 0.843335
0.4 0.83811
0.41 0.832779
0.42 0.827344
0.43 0.821806
0.44 0.816168
0.45 0.810431
0.46 0.804597
0.47 0.798669
0.48 0.792648
0.49 0.786536
0.5 0.780336
0.51 0.774049
0.52 0.767678
0.53 0.761226
0.54 0.754693
0.55 0.748082
0.56 0.741397
0.57 0.734638
0.58 0.727808
0.59 0.720909
0.6 0.713945
0.61 0.706916
0.62 0.699826
0.63 0.692676
0.64 0.685469
0.65 0.678208
0.66 0.670895
0.67 0.663533
0.68 0.656122
0.69 0.648667
0.7 0.64117
0.71 0.633633
0.72 0.626057
0.73 0.618447
0.74 0.610805
0.75 0.603131
0.76 0.595431
0.77 0.587704
0.78 0.579955
0.79 0.572186
0.8 0.564398
0.81 0.556595
0.82 0.548779
0.83 0.540952
0.84 0.533116
0.85 0.525275
0.86 0.51743
0.87 0.509584
0.88 0.501739
0.89 0.493898
0.9 0.486063
0.91 0.478236
0.92 0.47042
0.93 0.462616
0.94 0.454828
0.95 0.447057
0.96 0.439306
0.97 0.431576
0.98 0.423871
0.99 0.416191
1 0.408541
1.01 0.40092
1.02 0.393332
1.03 0.385779
1.04 0.378263
1.05 0.370785
1.06 0.363348
1.07 0.355954
1.08 0.348604
1.09 0.341301
1.1 0.334046
1.11 0.326841
1.12 0.319688
1.13 0.312589
1.14 0.305545
1.15 0.298559
1.16 0.291631
1.17 0.284763
1.18 0.277958
1.19 0.271216
1.2 0.26454
1.21 0.257929
1.22 0.251387
1.23 0.244914
1.24 0.238511
1.25 0.232181
1.26 0.225924
1.27 0.219741
1.28 0.213634
1.29 0.207603
1.3 0.201651
1.31 0.195777
1.32 0.189983
1.33 0.18427
1.34 0.178639
1.35 0.17309
1.36 0.167625
1.37 0.162244
1.38 0.156948
1.39 0.151738
1.4 0.146614
1.41 0.141576
1.42 0.136627
1.43 0.131765
1.44 0.126991
1.45 0.122307
1.46 0.117711
1.47 0.113205
1.48 0.108789
1.49 0.104463
1.5 0.100227
1.51 0.0960818
1.52 0.0920267
1.53 0.088062
1.54 0.0841879
1.55 0.0804043
1.56 0.0767111
1.57 0.0731081
1.58 0.0695953
1.59 0.0661723
1.6 0.062839
1.61 0.059595
1.62 0.05644
1.63 0.0533737
1.64 0.0503955
1.65 0.0475052
1.66 0.044702
1.67 0.0419856
1.68 0.0393554
1.69 0.0368107
1.7 0.0343508
1.71 0.0319751
1.72 0.0296829
1.73 0.0274734
1.74 0.0253458
1.75 0.0232992
1.76 0.0213329
1.77 0.0194458
1.78 0.0176372
1.79 0.0159059
1.8 0.0142511
1.81 0.0126717
1.82 0.0111666
1.83 0.00973485
1.84 0.00837524
1.85 0.00708666
1.86 0.00586796
1.87 0.00471796
1.88 0.00363546
1.89 0.00261921
1.9 0.00166798
1.91 0.000780487
1.92 -4.45563e-05
1.93 -0.000808461
1.94 -0.00151256
1.95 -0.00215819
1.96 -0.00274672
1.97 -0.00327953
1.98 -0.003758
1.99 -0.00418354
2 -0.00455757
2.01 -0.00488152
2.02 -0.00515682
2.03 -0.00538492
2.04 -0.00556726
2.05 -0.00570533
2.06 -0.00580057
2.07 -0.00585447
2.08 -0.0058685
2.09 -0.00584413
2.1 -0.00578285
2.11 -0.00568614
2.12 -0.00555548
2.13 -0.00539235
2.14 -0.00519822
2.15 -0.00497456
2.16 -0.00472286
2.17 -0.00444456
2.18 -0.00414112
2.19 -0.003814
2.2 -0.00346464
2.21 -0.00309445
2.22 -0.00270488
2.23 -0.00229731
2.24 -0.00187316
2.25 -0.0014338
2.26 -0.000980598
2.27 -0.000514912
2.28 -3.80769e-05
2.29 0.000448587
2.3 0.000943778
2.31 0.00144621
2.32 0.00195463
2.33 0.00246778
2.34 0.00298445
2.35 0.00350344
2.36 0.00402357
2.37 0.00454368
2.38 0.00506266
2.39 0.00557939
2.4 0.00609281
2.41 0.00660185
2.42 0.0071055
2.43 0.00760276
2.44 0.00809267
2.45 0.00857428
2.46 0.00904669
2.47 0.00950902
2.48 0.00996042
2.49 0.0104001
2.5 0.0108272
2.51 0.011241
2.52 0.0116409
2.53 0.0120261
2.54 0.0123959
2.55 0.0127497
2.56 0.013087
2.57 0.0134072
2.58 0.0137098
2.59 0.0139943
2.6 0.0142602
2.61 0.0145072
2.62 0.0147348
2.63 0.0149427
2.64 0.0151306
2.65 0.0152982
2.66 0.0154454
2.67 0.0155718
2.68 0.0156773
2.69 0.0157618
2.7 0.0158252
2.71 0.0158674
2.72 0.0158883
2.73 0.0158881
2.74 0.0158667
2.75 0.0158241
2.76 0.0157606
2.77 0.0156762
2.78 0.0155711
2.79 0.0154455
2.8 0.0152997
2.81 0.0151338
2.82 0.0149483
2.83 0.0147433
2.84 0.0145193
2.85 0.0142767
2.86 0.0140158
2.87 0.0137371
2.88 0.0134411
2.89 0.0131282
2.9 0.0127989
2.91 0.0124539
2.92 0.0120936
2.93 0.0117187
2.94 0.0113297
2.95 0.0109272
2.96 0.010512
2.97 0.0100847
2.98 0.00964599
2.99 0.00919652
3 0.00873703
3.01 0.00826826
3.02 0.00779095
3.03 0.00730586
3.04 0.00681376
3.05 0.00631542
3.06 0.00581165
3.07 0.00530323
3.08 0.00479097
3.09 0.00427568
3.1 0.00375817
3.11 0.00323927
3.12 0.00271979
3.13 0.00220056
3.14 0.0016824
3.15 0.00116612
3.16 0.000652557
3.17 0.00014251
3.18 -0.000363207
3.19 -0.000863792
3.2 -0.00135845
3.21 -0.0018464
3.22 -0.00232685
3.23 -0.00279905
3.24 -0.00326225
3.25 -0.0037157
3.26 -0.00415868
3.27 -0.00459049
3.28 -0.00501042
3.29 -0.00541782
3.3 -0.00581203
3.31 -0.00619242
3.32 -0.00655838
3.33 -0.00690932
3.34 -0.00724467
3.35 -0.00756391
3.36 -0.00786652
3.37 -0.00815202
3.38 -0.00841995
3.39 -0.00866987
3.4 -0.00890141
3.41 -0.00911418
3.42 -0.00930786
3.43 -0.00948213
3.44 -0.00963674
3.45 -0.00977145
3.46 -0.00988605
3.47 -0.00998038
3.48 -0.0100543
3.49 -0.0101077
3.5 -0.0101406
3.51 -0.0101529
3.52 -0.0101447
3.53 -0.0101159
3.54 -0.0100667
3.55 -0.00999729
3.56 -0.00990775
3.57 -0.0097983
3.58 -0.0096692
3.59 -0.00952073
3.6 -0.00935322
3.61 -0.00916702
3.62 -0.00896255
3.63 -0.00874023
3.64 -0.00850054
3.65 -0.00824399
3.66 -0.00797113
3.67 -0.00768255
3.68 -0.00737886
3.69 -0.00706071
3.7 -0.0067288
3.71 -0.00638384
3.72 -0.00602658
3.73 -0.00565781
3.74 -0.00527833
3.75 -0.00488898
3.76 -0.00449064
3.77 -0.00408419
3.78 -0.00367054
3.79 -0.00325065
3.8 -0.00282546
3.81 -0.00239596
3.82 -0.00196315
3.83 -0.00152803
3.84 -0.00109164
3.85 -0.00065502
3.86 -0.000219211
3.87 0.000214724
3.88 0.000645724
3.89 0.00107272
3.9 0.00149464
3.91 0.00191043
3.92 0.00231901
3.93 0.00271933
3.94 0.00311034
3.95 0.003491
3.96 0.00386028
3.97 0.00421718
3.98 0.00456071
3.99 0.0048899
4 0.00520381
4.01 0.00550152
4.02 0.00578215
4.03 0.00604484
4.04 0.00628879
4.05 0.00651321
4.06 0.00671736
4.07 0.00690056
4.08 0.00706217
4.09 0.00720159
4.1 0.00731829
4.11 0.00741177
4.12 0.00748163
4.13 0.00752749
4.14 0.00754906
4.15 0.0075461
4.16 0.00751847
4.17 0.00746606
4.18 0.00738886
4.19 0.00728693
4.2 0.00716042
4.21 0.00700954
4.22 0.0068346
4.23 0.00663598
4.24 0.00641415
4.25 0.00616969
4.26 0.00590322
4.27 0.0056155
4.28 0.00530735
4.29 0.00497969
4.3 0.00463352
4.31 0.00426995
4.32 0.00389017
4.33 0.00349544
4.34 0.00308715
4.35 0.00266675
4.36 0.00223578
4.37 0.00179585
4.38 0.00134869
4.39 0.000896072
4.4 0.000439855
4.41 -1.80294e-05
4.42 -0.000475585
4.43 -0.000930752
4.44 -0.00138142
4.45 -0.00182541
4.46 -0.00226053
4.47 -0.00268452
4.48 -0.00309511
4.49 -0.00349001
4.5 -0.00386691
4.51 -0.00422351
4.52 -0.00455751
4.53 -0.00486663
4.54 -0.00514864
4.55 -0.00540136
4.56 -0.00562264
4.57 -0.00581044
4.58 -0.0059628
4.59 -0.00607789
4.6 -0.00615399
4.61 -0.00618953
4.62 -0.00618313
4.63 -0.00613358
4.64 -0.0060399
4.65 -0.00590135
4.66 -0.00571747
4.67 -0.00548806
4.68 -0.00521327
4.69 -0.00489361
4.7 -0.00452995
4.71 -0.00412361
4.72 -0.00367633
4.73 -0.00319038
4.74 -0.00266854
4.75 -0.00211416
4.76 -0.0015312
4.77 -0.000924312
4.78 -0.000298815
4.79 0.000339197
4.8 0.00098283
4.81 0.00162433
4.82 0.00225502
4.83 0.00286527
4.84 0.0034444
4.85 0.00398064
4.86 0.00446105
4.87 0.00487147
4.88 0.00519644
4.89 0.00541911
4.9 0.00552119
4.91 0.00548285
4.92 0.00528265
4.93 0.00489745
4.94 0.0043023
4.95 0.00347038
4.96 0.00237289
4.97 0.000978936
4.98 -0.000744562
4.99 -0.00283297
5 -0.00532408


-5 0.00278827
-4.99 0.000670303
-4.98 -0.000848081
-4.97 -0.00186921
-4.96 -0.0024831
-4.95 -0.00276855
-4.94 -0.00279422
-4.93 -0.00261961
-4.92 -0.00229593
-4.91 -0.00186694
-4.9 -0.00136972
-4.89 -0.000835382
-4.88 -0.00028969
-4.87 0.000246313
-4.86 0.000755776
-4.85 0.00122554
-4.84 0.00164567
-4.83 0.00200906
-4.82 0.00231104
-4.81 0.00254902
-4.8 0.00272221
-4.79 0.0028313
-4.78 0.00287827
-4.77 0.00286607
-4.76 0.00279851
-4.75 0.00268
-4.74 0.00251547
-4.73 0.00231014
-4.72 0.00206947
-4.71 0.00179901
-4.7 0.00150431
-4.69 0.00119086
-4.68 0.000864004
-4.67 0.000528875
-4.66 0.000190367
-4.65 -0.000146917
-4.64 -0.000478691
-4.63 -0.000801008
-4.62 -0.00111028
-4.61 -0.00140329
-4.6 -0.00167719
-4.59 -0.00192951
-4.58 -0.00215815
-4.57 -0.00236138
-4.56 -0.00253782
-4.55 -0.00268643
-4.54 -0.00280652
-4.53 -0.00289768
-4.52 -0.00295983
-4.51 -0.00299314
-4.5 -0.00299805
-4.49 -0.00297525
-4.48 -0.00292561
-4.47 -0.00285023
-4.46 -0.00275038
-4.45 -0.00262746
-4.44 -0.00248304
-4.43 -0.00231878
-4.42 -0.00213644
-4.41 -0.00193786
-4.4 -0.00172493
-4.39 -0.00149959
-4.38 -0.00126381
-4.37 -0.00101955
-4.36 -0.00076878
-4.35 -0.000513447
-4.34 -0.000255466
-4.33 3.29116e-06
-4.32 0.000261007
-4.31 0.000515927
-4.3 0.000766368
-4.29 0.00101073
-4.28 0.0012475
-4.27 0.00147525
-4.26 0.00169265
-4.25 0.0018985
-4.24 0.00209167
-4.23 0.00227115
-4.22 0.00243605
-4.21 0.00258557
-4.2 0.00271905
-4.19 0.00283592
-4.18 0.00293572
-4.17 0.00301811
-4.16 0.00308285
-4.15 0.00312981
-4.14 0.00315896
-4.13 0.00317036
-4.12 0.00316418
-4.11 0.00314067
-4.1 0.00310016
-4.09 0.00304308
-4.08 0.00296993
-4.07 0.00288128
-4.06 0.00277776
-4.05 0.00266007
-4.04 0.00252898
-4.03 0.00238529
-4.02 0.00222985
-4.01 0.00206356
-4 0.00188734
-3.99 0.00170217
-3.98 0.00150901
-3.97 0.00130887
-3.96 0.00110277
-3.95 0.000891741
-3.94 0.000676803
-3.93 0.000458988
-3.92 0.000239321
-3.91 1.88166e-05
-3.9 -0.000201524
-3.89 -0.000420718
-3.88 -0.000637804
-3.87 -0.000851845
-3.86 -0.00106193
-3.85 -0.00126719
-3.84 -0.00146678
-3.83 -0.00165989
-3.82 -0.00184576
-3.81 -0.00202366
-3.8 -0.00219292
-3.79 -0.0023529
-3.78 -0.00250302
-3.77 -0.00264274
-3.76 -0.00277156
-3.75 -0.00288906
-3.74 -0.00299484
-3.73 -0.00308858
-3.72 -0.00316997
-3.71 -0.0032388
-3.7 -0.00329489
-3.69 -0.0033381
-3.68 -0.00336836
-3.67 -0.00338563
-3.66 -0.00338994
-3.65 -0.00338136
-3.64 -0.00336001
-3.63 -0.00332604
-3.62 -0.00327966
-3.61 -0.00322112
-3.6 -0.0031507
-3.59 -0.00306875
-3.58 -0.00297561
-3.57 -0.00287171
-3.56 -0.00275746
-3.55 -0.00263333
-3.54 -0.00249982
-3.53 -0.00235746
-3.52 -0.00220679
-3.51 -0.00204837
-3.5 -0.0018828
-3.49 -0.00171069
-3.48 -0.00153265
-3.47 -0.00134932
-3.46 -0.00116135
-3.45 -0.000969398
-3.44 -0.000774119
-3.43 -0.00057618
-3.42 -0.000376248
-3.41 -0.000174989
-3.4 2.69336e-05
-3.39 0.00022886
-3.38 0.000430138
-3.37 0.000630124
-3.36 0.000828186
-3.35 0.0010237
-3.34 0.00121607
-3.33 0.0014047
-3.32 0.00158901
-3.31 0.00176845
-3.3 0.0019425
-3.29 0.00211064
-3.28 0.00227238
-3.27 0.00242727
-3.26 0.00257486
-3.25 0.00271474
-3.24 0.00284653
-3.23 0.00296988
-3.22 0.00308446
-3.21 0.00318998
-3.2 0.00328617
-3.19 0.00337279
-3.18 0.00344965
-3.17 0.00351657
-3.16 0.0035734
-3.15 0.00362005
-3.14 0.00365643
-3.13 0.00368249
-3.12 0.00369823
-3.11 0.00370366
-3.1 0.00369882
-3.09 0.0036838
-3.08 0.0036587
-3.07 0.00362366
-3.06 0.00357884
-3.05 0.00352444
-3.04 0.00346068
-3.03 0.0033878
-3.02 0.00330608
-3.01 0.00321581
-3 0.00311732
-2.99 0.00301095
-2.98 0.00289706
-2.97 0.00277604
-2.96 0.0026483
-2.95 0.00251426
-2.94 0.00237436
-2.93 0.00222905
-2.92 0.00207881
-2.91 0.00192413
-2.9 0.00176549
-2.89 0.0016034
-2.88 0.00143839
-2.87 0.00127098
-2.86 0.0011017
-2.85 0.000931087
-2.84 0.000759686
-2.83 0.000588043
-2.82 0.000416706
-2.81 0.000246224
-2.8 7.71475e-05
-2.79 -8.99778e-05
-2.78 -0.000254606
-2.77 -0.000416197
-2.76 -0.000574214
-2.75 -0.000728127
-2.74 -0.000877411
-2.73 -0.00102155
-2.72 -0.00116004
-2.71 -0.00129238
-2.7 -0.00141808
-2.69 -0.00153668
-2.68 -0.00164769
-2.67 -0.00175068
-2.66 -0.0018452
-2.65 -0.00193084
-2.64 -0.00200717
-2.63 -0.00207381
-2.62 -0.00213038
-2.61 -0.00217651
-2.6 -0.00221185
-2.59 -0.00223607
-2.58 -0.00224887
-2.57 -0.00224993
-2.56 -0.00223897
-2.55 -0.00221574
-2.54 -0.00217998
-2.53 -0.00213146
-2.52 -0.00206996
-2.51 -0.00199528
-2.5 -0.00190725
-2.49 -0.00180568
-2.48 -0.00169043
-2.47 -0.00156137
-2.46 -0.00141836
-2.45 -0.00126129
-2.44 -0.00109008
-2.43 -0.000904629
-2.42 -0.000704873
-2.41 -0.000490748
-2.4 -0.000262206
-2.39 -1.92053e-05
-2.38 0.000238286
-2.37 0.00051029
-2.36 0.000796825
-2.35 0.0010979
-2.34 0.00141352
-2.33 0.00174368
-2.32 0.00208839
-2.31 0.00244763
-2.3 0.00282141
-2.29 0.0032097
-2.28 0.00361252
-2.27 0.00402985
-2.26 0.00446169
-2.25 0.00490805
-2.24 0.00536893
-2.23 0.00584436
-2.22 0.00633435
-2.21 0.00683894
-2.2 0.00735816
-2.19 0.00789207
-2.18 0.00844074
-2.17 0.00900424
-2.16 0.00958267
-2.15 0.0101761
-2.14 0.0107847
-2.13 0.0114086
-2.12 0.012048
-2.11 0.012703
-2.1 0.0133738
-2.09 0.0140607
-2.08 0.0147639
-2.07 0.0154836
-2.06 0.0162202
-2.05 0.016974
-2.04 0.0177452
-2.03 0.0185343
-2.02 0.0193417
-2.01 0.0201678
-2 0.021013
-1.99 0.0218778
-1.98 0.0227626
-1.97 0.0236682
-1.96 0.0245949
-1.95 0.0255434
-1.94 0.0265143
-1.93 0.0275082
-1.92 0.028526
-1.91 0.0295681
-1.9 0.0306355
-1.89 0.0317289
-1.88 0.032849
-1.87 0.0339967
-1.86 0.0351729
-1.85 0.0363785
-1.84 0.0376144
-1.83 0.0388815
-1.82 0.0401808
-1.81 0.0415134
-1.8 0.0428802
-1.79 0.0442824
-1.78 0.045721
-1.77 0.0471971
-1.76 0.0487118
-1.75 0.0502664
-1.74 0.051862
-1.73 0.0534998
-1.72 0.055181
-1.71 0.0569069
-1.7 0.0586787
-1.69 0.0604978
-1.68 0.0623653
-1.67 0.0642827
-1.66 0.0662512
-1.65 0.0682721
-1.64 0.0703469
-1.63 0.0724768
-1.62 0.0746632
-1.61 0.0769075
-1.6 0.079211
-1.59 0.0815752
-1.58 0.0840013
-1.57 0.0864907
-1.56 0.0890448
-1.55 0.091665
-1.54 0.0943526
-1.53 0.0971089
-1.52 0.0999352
-1.51 0.102833
-1.5 0.105803
-1.49 0.108848
-1.48 0.111967
-1.47 0.115164
-1.46 0.118437
-1.45 0.12179
-1.44 0.125223
-1.43 0.128737
-1.42 0.132333
-1.41 0.136013
-1.4 0.139777
-1.39 0.143627
-1.38 0.147563
-1.37 0.151587
-1.36 0.155699
-1.35 0.1599
-1.34 0.16419
-1.33 0.168572
-1.32 0.173045
-1.31 0.17761
-1.3 0.182267
-1.29 0.187018
-1.28 0.191862
-1.27 0.1968
-1.26 0.201833
-1.25 0.206961
-1.24 0.212183
-1.23 0.217501
-1.22 0.222914
-1.21 0.228422
-1.2 0.234026
-1.19 0.239725
-1.18 0.245519
-1.17 0.251407
-1.16 0.257391
-1.15 0.263468
-1.14 0.269639
-1.13 0.275904
-1.12 0.28226
-1.11 0.288709
-1.1 0.295249
-1.09 0.301879
-1.08 0.308598
-1.07 0.315406
-1.06 0.322301
-1.05 0.329282
-1.04 0.336348
-1.03 0.343497
-1.02 0.350729
-1.01 0.358041
-1 0.365433
-0.99 0.372901
-0.98 0.380446
-0.97 0.388064
-0.96 0.395754
-0.95 0.403515
-0.94 0.411343
-0.93 0.419237
-0.92 0.427195
-0.91 0.435214
-0.9 0.443293
-0.89 0.451428
-0.88 0.459617
-0.87 0.467857
-0.86 0.476147
-0.85 0.484483
-0.84 0.492862
-0.83 0.501282
-0.82 0.509739
-0.81 0.518231
-0.8 0.526755
-0.79 0.535307
-0.78 0.543885
-0.77 0.552485
-0.76 0.561104
-0.75 0.569738
-0.74 0.578384
-0.73 0.58704
-0.72 0.595701
-0.71 0.604363
-0.7 0.613024
-0.69 0.621679
-0.68 0.630326
-0.67 0.638959
-0.66 0.647577
-0.65 0.656174
-0.64 0.664748
-0.63 0.673294
-0.62 0.681808
-0.61 0.690287
-0.6 0.698728
-0.59 0.707125
-0.58 0.715475
-0.57 0.723775
-0.56 0.73202
-0.55 0.740207
-0.54 0.748332
-0.53 0.75639
-0.52 0.764379
-0.51 0.772293
-0.5 0.78013
-0.49 0.787885
-0.48 0.795554
-0.47 0.803135
-0.46 0.810622
-0.45 0.818013
-0.44 0.825304
-0.43 0.83249
-0.42 0.839568
-0.41 0.846535
-0.4 0.853387
-0.39 0.860121
-0.38 0.866733
-0.37 0.873219
-0.36 0.879576
-0.35 0.885802
-0.34 0.891892
-0.33 0.897843
-0.32 0.903653
-0.31 0.909318
-0.3 0.914835
-0.29 0.920201
-0.28 0.925413
-0.27 0.93047
-0.26 0.935367
-0.25 0.940102
-0.24 0.944673
-0.23 0.949077
-0.22 0.953311
-0.21 0.957375
-0.2 0.961264
-0.19 0.964978
-0.18 0.968513
-0.17 0.971869
-0.16 0.975043
-0.15 0.978034
-0.14 0.980839
-0.13 0.983458
-0.12 0.985889
-0.11 0.98813
-0.1 0.99018
-0.09 0.992039
-0.08 0.993705
-0.07 0.995177
-0.06 0.996454
-0.05 0.997537
-0.04 0.998423
-0.03 0.999112
-0.02 0.999605
-0.01 0.999901
0 1
0.01 0.999901
0.02 0.999605
0.03 0.999112
0.04 0.998423
0.05 0.997537
0.06 0.996454
0.07 0.995177
0.08 0.993705
0.09 0.992039
0.1 0.99018
0.11 0.98813
0.12 0.985889
0.13 0.983458
0.14 0.980839
0.15 0.978034
0.16 0.975043
0.17 0.971869
0.18 0.968513
0.19 0.964978
0.2 0.961264
0.21 0.957375
0.22 0.953311
0.23 0.949077
0.24 0.944673
0.25 0.940102
0.26 0.935367
0.27 0.93047
0.28 0.925413
0.29 0.920201
0.3 0.914835
0.31 0.909318
0.32 0.903653
0.33 0.897843
0.34 0.891892
0.35 0.885802
0.36 0.879576
0.37 0.873219
0.38 0.866733
0.39 0.860121
0.4 0.853387
0.41 0.846535
0.42 0.839568
0.43 0.83249
0.44 0.825304
0.45 0.818013
0.46 0.810622
0.47 0.803135
0.48 0.795554
0.49 0.787885
0.5 0.78013
0.51 0.772293
0.52 0.764379
0.53 0.75639
0.54 0.748332
0.55 0.740207
0.56 0.73202
0.57 0.723775
0.58 0.715475
0.59 0.707125
0.6 0.698728
0.61 0.690287
0.62 0.681808
0.63 0.673294
0.64 0.664748
0.65 0.656174
0.66 0.647577
0.67 0.638959
0.68 0.630326
0.69 0.621679
0.7 0.613024
0.71 0.604363
0.72 0.595701
0.73 0.58704
0.74 0.578384
0.75 0.569738
0.76 0.561104
0.77 0.552485
0.78 0.543885
0.79 0.535307
0.8 0.526755
0.81 0.518231
0.82 0.509739
0.83 0.501282
0.84 0.492862
0.85 0.484483
0.86 0.476147
0.87 0.467857
0.88 0.459617
0.89 0.451428
0.9 0.443293
0.91 0.435214
0.92 0.427195
0.93 0.419237
0.94 0.411343
0.95 0.403515
0.96 0.395754
0.97 0.388064
0.98 0.380446
0.99 0.372901
1 0.365433
1.01 0.358041
1.02 0.350729
1.03 0.343497
1.04 0.336348
1.05 0.329282
1.06 0.322301
1.07 0.315406
1.08 0.308598
1.09 0.301879
1.1 0.295249
1.11 0.288709
1.12 0.28226
1.13 0.275904
1.14 0.269639
1.15 0.263468
1.16 0.257391
1.17 0.251407
1.18 0.245519
1.19 0.239725
1.2 0.234026
1.21 0.228422
1.22 0.222914
1.23 0.217501
1.24 0.212183
1.25 0.206961
1.26 0.201833
1.27 0.1968
1.28 0.191862
1.29 0.187018
1.3 0.182267
1.31 0.17761
1.32 0.173045
1.33 0.168572
1.34 0.16419
1.35 0.1599
1.36 0.155699
1.37 0.151587
1.38 0.147563
1.39 0.143627
1.4 0.139777
1.41 0.136013
1.42 0.132333
1.43 0.128737
1.44 0.125223
1.45 0.12179
1.46 0.118437
1.47 0.115164
1.48 0.111967
1.49 0.108848
1.5 0.105803
1.51 0.102833
1.52 0.0999352
1.53 0.0971089
1.54 0.0943526
1.55 0.091665
1.56 0.0890448
1.57 0.0864907
1.58 0.0840013
1.59 0.0815752
1.6 0.079211
1.61 0.0769075
1.62 0.0746632
1.63 0.0724768
1.64 0.0703469
1.65 0.0682721
1.66 0.0662512
1.67 0.0642827
1.68 0.0623653
1.69 0.0604978
1.7 0.0586787
1.71 0.0569069
1.72 0.055181
1.73 0.0534998
1.74 0.051862
1.75 0.0502664
1.76 0.0487118
1.77 0.0471971
1.78 0.045721
1.79 0.0442824
1.8 0.0428802
1.81 0.0415134
1.82 0.0401808
1.83 0.0388815
1.84 0.0376144
1.85 0.0363785
1.86 0.0351729
1.87 0.0339967
1.88 0.032849
1.89 0.0317289
1.9 0.0306355
1.91 0.0295681
1.92 0.028526
1.93 0.0275082
1.94 0.0265143
1.95 0.0255434
1.96 0.0245949
1.97 0.0236682
1.98 0.0227626
1.99 0.0218778
2 0.021013
2.01 0.0201678
2.02 0.0193417
2.03 0.0185343
2.04 0.0177452
2.05 0.016974
2.06 0.0162202
2.07 0.0154836
2.08 0.0147639
2.09 0.0140607
2.1 0.0133738
2.11 0.012703
2.12 0.012048
2.13 0.0114086
2.14 0.0107847
2.15 0.0101761
2.16 0.00958267
2.17 0.00900424
2.18 0.00844074
2.19 0.00789207
2.2 0.00735816
2.21 0.00683894
2.22 0.00633435
2.23 0.00584436
2.24 0.00536893
2.25 0.00490805
2.26 0.00446169
2.27 0.00402985
2.28 0.00361252
2.29 0.0032097
2.3 0.00282141
2.31 0.00244763
2.32 0.00208839
2.33 0.00174368
2.34 0.00141352
2.35 0.0010979
2.36 0.000796825
2.37 0.00051029
2.38 0.000238286
2.39 -1.92053e-05
2.4 -0.000262206
2.41 -0.000490748
2.42 -0.000704873
2.43 -0.000904629
2.44 -0.00109008
2.45 -0.00126129
2.46 -0.00141836
2.47 -0.00156137
2.48 -0.00169043
2.49 -0.00180568
2.5 -0.00190725
2.51 -0.00199528
2.52 -0.00206996
2.53 -0.00213146
2.54 -0.00217998
2.55 -0.00221574
2.56 -0.00223897
2.57 -0.00224993
2.58 -0.00224887
2.59 -0.00223607
2.6 -0.00221185
2.61 -0.00217651
2.62 -0.00213038
2.63 -0.00207381
2.64 -0.00200717
2.65 -0.00193084
2.66 -0.0018452
2.67 -0.00175068
2.68 -0.00164769
2.69 -0.00153668
2.7 -0.00141808
2.71 -0.00129238
2.72 -0.00116004
2.73 -0.00102155
2.74 -0.000877411
2.75 -0.000728127
2.76 -0.000574214
2.77 -0.000416197
2.78 -0.000254606
2.79 -8.99778e-05
2.8 7.71475e-05
2.81 0.000246224
2.82 0.000416706
2.83 0.000588043
2.84 0.000759686
2.85 0.000931087
2.86 0.0011017
2.87 0.00127098
2.88 0.00143839
2.89 0.0016034
2.9 0.00176549
2.91 0.00192413
2.92 0.00207881
2.93 0.00222905
2.94 0.00237436
2.95 0.00251426
2.96 0.0026483
2.97 0.00277604
2.98 0.00289706
2.99 0.00301095
3 0.00311732
3.01 0.00321581
3.02 0.00330608
3.03 0.0033878
3.04 0.00346068
3.05 0.00352444
3.06 0.00357884
3.07 0.00362366
3.08 0.0036587
3.09 0.0036838
3.1 0.00369882
3.11 0.00370366
3.12 0.00369823
3.13 0.00368249
3.14 0.00365643
3.15 0.00362005
3.16 0.0035734
3.17 0.00351657
3.18 0.00344965
3.19 0.00337279
3.2 0.00328617
3.21 0.00318998
3.22 0.00308446
3.23 0.00296988
3.24 0.00284653
3.25 0.00271474
3.26 0.00257486
3.27 0.00242727
3.28 0.00227238
3.29 0.00211064
3.3 0.0019425
3.31 0.00176845
3.32 0.00158901
3.33 0.0014047
3.34 0.00121607
3.35 0.0010237
3.36 0.000828186
3.37 0.000630124
3.38 0.000430138
3.39 0.00022886
3.4 2.69336e-05
3.41 -0.000174989
3.42 -0.000376248
3.43 -0.00057618
3.44 -0.000774119
3.45 -0.000969398
3.46 -0.00116135
3.47 -0.00134932
3.48 -0.00153265
3.49 -0.00171069
3.5 -0.0018828
3.51 -0.00204837
3.52 -0.00220679
3.53 -0.00235746
3.54 -0.00249982
3.55 -0.00263333
3.56 -0.00275746
3.57 -0.00287171
3.58 -0.00297561
3.59 -0.00306875
3.6 -0.0031507
3.61 -0.00322112
3.62 -0.00327966
3.63 -0.00332604
3.64 -0.00336001
3.65 -0.00338136
3.66 -0.00338994
3.67 -0.00338563
3.68 -0.00336836
3.69 -0.0033381
3.7 -0.00329489
3.71 -0.0032388
3.72 -0.00316997
3.73 -0.00308858
3.74 -0.00299484
3.75 -0.00288906
3.76 -0.00277156
3.77 -0.00264274
3.78 -0.00250302
3.79 -0.0023529
3.8 -0.00219292
3.81 -0.00202366
3.82 -0.00184576
3.83 -0.00165989
3.84 -0.00146678
3.85 -0.00126719
3.86 -0.00106193
3.87 -0.000851845
3.88 -0.000637804
3.89 -0.000420718
3.9 -0.000201524
3.91 1.88166e-05
3.92 0.000239321
3.93 0.000458988
3.94 0.000676803
3.95 0.000891741
3.96 0.00110277
3.97 0.00130887
3.98 0.00150901
3.99 0.00170217
4 0.00188734
4.01 0.00206356
4.02 0.00222985
4.03 0.00238529
4.04 0.00252898
4.05 0.00266007
4.06 0.00277776
4.07 0.00288128
4.08 0.00296993
4.09 0.00304308
4.1 0.00310016
4.11 0.00314067
4.12 0.00316418
4.13 0.00317036
4.14 0.00315896
4.15 0.00312981
4.16 0.00308285
4.17 0.00301811
4.18 0.00293572
4.19 0.00283592
4.2 0.00271905
4.21 0.00258557
4.22 0.00243605
4.23 0.00227115
4.24 0.00209167
4.25 0.0018985
4.26 0.00169265
4.27 0.00147525
4.28 0.0012475
4.29 0.00101073
4.3 0.000766368
4.31 0.000515927
4.32 0.000261007
4.33 3.29116e-06
4.34 -0.000255466
4.35 -0.000513447
4.36 -0.00076878
4.37 -0.00101955
4.38 -0.00126381
4.39 -0.00149959
4.4 -0.00172493
4.41 -0.00193786
4.42 -0.00213644
4.43 -0.00231878
4.44 -0.00248304
4.45 -0.00262746
4.46 -0.00275038
4.47 -0.00285023
4.48 -0.00292561
4.49 -0.00297525
4.5 -0.00299805
4.51 -0.00299314
4.52 -0.00295983
4.53 -0.00289768
4.54 -0.00280652
4.55 -0.00268643
4.56 -0.00253782
4.57 -0.00236138
4.58 -0.00215815
4.59 -0.00192951
4.6 -0.00167719
4.61 -0.00140329
4.62 -0.00111028
4.63 -0.000801008
4.64 -0.000478691
4.65 -0.000146917
4.66 0.000190367
4.67 0.000528875
4.68 0.000864004
4.69 0.00119086
4.7 0.00150431
4.71 0.00179901
4.72 0.00206947
4.73 0.00231014
4.74 0.00251547
4.75 0.00268
4.76 0.00279851
4.77 0.00286607
4.78 0.00287827
4.79 0.0028313
4.8 0.00272221
4.81 0.00254902
4.82 0.00231104
4.83 0.00200906
4.84 0.00164567
4.85 0.00122554
4.86 0.000755776
4.87 0.000246313
4.88 -0.00028969
4.89 -0.000835382
4.9 -0.00136972
4.91 -0.00186694
4.92 -0.00229593
4.93 -0.00261961
4.94 -0.00279422
4.95 -0.00276855
4.96 -0.0024831
4.97 -0.00186921
4.98 -0.000848081
4.99 0.000670303
5 0.00278827


