-5 1.38879e-11
-4.99 -0.00304117
-4.98 -0.00603815
-4.97 -0.00899115
-4.96 -0.0119004
-4.95 -0.0147662
-4.94 -0.0175886
-4.93 -0.020368
-4.92 -0.0231046
-4.91 -0.0257986
-4.9 -0.0284502
-4.89 -0.0310596
-4.88 -0.0336271
-4.87 -0.0361529
-4.86 -0.0386373
-4.85 -0.0410803
-4.84 -0.0434824
-4.83 -0.0458436
-4.82 -0.0481643
-4.81 -0.0504445
-4.8 -0.0526847
-4.79 -0.0548849
-4.78 -0.0570454
-4.77 -0.0591664
-4.76 -0.0612482
-4.75 -0.0632909
-4.74 -0.0652948
-4.73 -0.06726
-4.72 -0.0691869
-4.71 -0.0710756
-4.7 -0.0729264
-4.69 -0.0747394
-4.68 -0.0765149
-4.67 -0.0782531
-4.66 -0.0799542
-4.65 -0.0816184
-4.64 -0.0832459
-4.63 -0.084837
-4.62 -0.0863918
-4.61 -0.0879106
-4.6 -0.0893936
-4.59 -0.090841
-4.58 -0.092253
-4.57 -0.0936299
-4.56 -0.0949717
-4.55 -0.0962788
-4.54 -0.0975514
-4.53 -0.0987896
-4.52 -0.0999936
-4.51 -0.101164
-4.5 -0.1023
-4.49 -0.103403
-4.48 -0.104473
-4.47 -0.105509
-4.46 -0.106513
-4.45 -0.107484
-4.44 -0.108422
-4.43 -0.109328
-4.42 -0.110202
-4.41 -0.111045
-4.4 -0.111855
-4.39 -0.112634
-4.38 -0.113382
-4.37 -0.114099
-4.36 -0.114785
-4.35 -0.11544
-4.34 -0.116065
-4.33 -0.116659
-4.32 -0.117223
-4.31 -0.117758
-4.3 -0.118263
-4.29 -0.118738
-4.28 -0.119184
-4.27 -0.119602
-4.26 -0.11999
-4.25 -0.120349
-4.24 -0.12068
-4.23 -0.120983
-4.22 -0.121258
-4.21 -0.121505
-4.2 -0.121724
-4.19 -0.121915
-4.18 -0.122079
-4.17 -0.122216
-4.16 -0.122327
-4.15 -0.12241
-4.14 -0.122467
-4.13 -0.122497
-4.12 -0.122502
-4.11 -0.12248
-4.1 -0.122432
-4.09 -0.122359
-4.08 -0.122261
-4.07 -0.122137
-4.06 -0.121988
-4.05 -0.121815
-4.04 -0.121616
-4.03 -0.121394
-4.02 -0.121147
-4.01 -0.120875
-4 -0.12058
-3.99 -0.120261
-3.98 -0.119919
-3.97 -0.119553
-3.96 -0.119164
-3.95 -0.118752
-3.94 -0.118317
-3.93 -0.11786
-3.92 -0.11738
-3.91 -0.116878
-3.9 -0.116353
-3.89 -0.115807
-3.88 -0.115239
-3.87 -0.114649
-3.86 -0.114038
-3.85 -0.113406
-3.84 -0.112753
-3.83 -0.112079
-3.82 -0.111384
-3.81 -0.110668
-3.8 -0.109933
-3.79 -0.109177
-3.78 -0.108401
-3.77 -0.107605
-3.76 -0.10679
-3.75 -0.105955
-3.74 -0.105101
-3.73 -0.104228
-3.72 -0.103336
-3.71 -0.102425
-3.7 -0.101496
-3.69 -0.100548
-3.68 -0.0995817
-3.67 -0.0985974
-3.66 -0.0975952
-3.65 -0.0965752
-3.64 -0.0955377
-3.63 -0.0944827
-3.62 -0.0934104
-3.61 -0.0923211
-3.6 -0.0912148
-3.59 -0.0900918
-3.58 -0.0889522
-3.57 -0.0877961
-3.56 -0.0866238
-3.55 -0.0854354
-3.54 -0.0842311
-3.53 -0.083011
-3.52 -0.0817752
-3.51 -0.080524
-3.5 -0.0792576
-3.49 -0.077976
-3.48 -0.0766794
-3.47 -0.075368
-3.46 -0.074042
-3.45 -0.0727015
-3.44 -0.0713466
-3.43 -0.0699776
-3.42 -0.0685946
-3.41 -0.0671977
-3.4 -0.0657872
-3.39 -0.064363
-3.38 -0.0629255
-3.37 -0.0614748
-3.36 -0.060011
-3.35 -0.0585343
-3.34 -0.0570448
-3.33 -0.0555427
-3.32 -0.0540281
-3.31 -0.0525012
-3.3 -0.0509622
-3.29 -0.0494112
-3.28 -0.0478483
-3.27 -0.0462737
-3.26 -0.0446876
-3.25 -0.04309
-3.24 -0.0414813
-3.23 -0.0398614
-3.22 -0.0382305
-3.21 -0.0365889
-3.2 -0.0349366
-3.19 -0.0332738
-3.18 -0.0316007
-3.17 -0.0299173
-3.16 -0.0282238
-3.15 -0.0265205
-3.14 -0.0248073
-3.13 -0.0230845
-3.12 -0.0213523
-3.11 -0.0196106
-3.1 -0.0178598
-3.09 -0.0160999
-3.08 -0.0143311
-3.07 -0.0125536
-3.06 -0.0107674
-3.05 -0.00897264
-3.04 -0.00716958
-3.03 -0.00535831
-3.02 -0.00353896
-3.01 -0.00171167
-3 0.00012341
-2.99 0.00196615
-2.98 0.00381641
-2.97 0.00567406
-2.96 0.00753895
-2.95 0.00941096
-2.94 0.0112899
-2.93 0.0131758
-2.92 0.0150683
-2.91 0.0169674
-2.9 0.0188729
-2.89 0.0207847
-2.88 0.0227027
-2.87 0.0246268
-2.86 0.0265567
-2.85 0.0284924
-2.84 0.0304338
-2.83 0.0323807
-2.82 0.0343329
-2.81 0.0362904
-2.8 0.0382531
-2.79 0.0402207
-2.78 0.0421932
-2.77 0.0441704
-2.76 0.0461522
-2.75 0.0481385
-2.74 0.0501292
-2.73 0.0521241
-2.72 0.0541231
-2.71 0.0561261
-2.7 0.0581329
-2.69 0.0601435
-2.68 0.0621576
-2.67 0.0641753
-2.66 0.0661963
-2.65 0.0682205
-2.64 0.0702479
-2.63 0.0722782
-2.62 0.0743115
-2.61 0.0763474
-2.6 0.078386
-2.59 0.0804272
-2.58 0.0824707
-2.57 0.0845164
-2.56 0.0865644
-2.55 0.0886143
-2.54 0.0906662
-2.53 0.0927199
-2.52 0.0947753
-2.51 0.0968323
-2.5 0.0988907
-2.49 0.10095
-2.48 0.103011
-2.47 0.105073
-2.46 0.107137
-2.45 0.1092
-2.44 0.111265
-2.43 0.113331
-2.42 0.115397
-2.41 0.117463
-2.4 0.11953
-2.39 0.121596
-2.38 0.123663
-2.37 0.12573
-2.36 0.127797
-2.35 0.129864
-2.34 0.13193
-2.33 0.133996
-2.32 0.136062
-2.31 0.138126
-2.3 0.14019
-2.29 0.142253
-2.28 0.144315
-2.27 0.146376
-2.26 0.148436
-2.25 0.150495
-2.24 0.152552
-2.23 0.154607
-2.22 0.156661
-2.21 0.158714
-2.2 0.160764
-2.19 0.162813
-2.18 0.16486
-2.17 0.166904
-2.16 0.168947
-2.15 0.170987
-2.14 0.173024
-2.13 0.175059
-2.12 0.177092
-2.11 0.179122
-2.1 0.181149
-2.09 0.183173
-2.08 0.185194
-2.07 0.187212
-2.06 0.189227
-2.05 0.191239
-2.04 0.193247
-2.03 0.195252
-2.02 0.197253
-2.01 0.199251
-2 0.201245
-1.99 0.203235
-1.98 0.205221
-1.97 0.207203
-1.96 0.209181
-1.95 0.211155
-1.94 0.213124
-1.93 0.21509
-1.92 0.21705
-1.91 0.219006
-1.9 0.220958
-1.89 0.222905
-1.88 0.224847
-1.87 0.226784
-1.86 0.228716
-1.85 0.230643
-1.84 0.232565
-1.83 0.234481
-1.82 0.236392
-1.81 0.238298
-1.8 0.240199
-1.79 0.242093
-1.78 0.243983
-1.77 0.245866
-1.76 0.247744
-1.75 0.249615
-1.74 0.251481
-1.73 0.25334
-1.72 0.255194
-1.71 0.257041
-1.7 0.258882
-1.69 0.260717
-1.68 0.262545
-1.67 0.264366
-1.66 0.266181
-1.65 0.267989
-1.64 0.269791
-1.63 0.271585
-1.62 0.273373
-1.61 0.275154
-1.6 0.276927
-1.59 0.278694
-1.58 0.280453
-1.57 0.282205
-1.56 0.28395
-1.55 0.285687
-1.54 0.287417
-1.53 0.289139
-1.52 0.290853
-1.51 0.29256
-1.5 0.294259
-1.49 0.29595
-1.48 0.297633
-1.47 0.299309
-1.46 0.300976
-1.45 0.302635
-1.44 0.304286
-1.43 0.305928
-1.42 0.307563
-1.41 0.309188
-1.4 0.310806
-1.39 0.312415
-1.38 0.314015
-1.37 0.315607
-1.36 0.31719
-1.35 0.318764
-1.34 0.320329
-1.33 0.321886
-1.32 0.323433
-1.31 0.324972
-1.3 0.326501
-1.29 0.328021
-1.28 0.329532
-1.27 0.331034
-1.26 0.332527
-1.25 0.33401
-1.24 0.335483
-1.23 0.336948
-1.22 0.338402
-1.21 0.339847
-1.2 0.341283
-1.19 0.342708
-1.18 0.344124
-1.17 0.34553
-1.16 0.346926
-1.15 0.348313
-1.14 0.349689
-1.13 0.351055
-1.12 0.352411
-1.11 0.353757
-1.1 0.355093
-1.09 0.356419
-1.08 0.357734
-1.07 0.359039
-1.06 0.360333
-1.05 0.361617
-1.04 0.362891
-1.03 0.364154
-1.02 0.365406
-1.01 0.366648
-1 0.367879
-0.99 0.3691
-0.98 0.37031
-0.97 0.371508
-0.96 0.372696
-0.95 0.373873
-0.94 0.37504
-0.93 0.376195
-0.92 0.377339
-0.91 0.378472
-0.9 0.379594
-0.89 0.380704
-0.88 0.381804
-0.87 0.382892
-0.86 0.383969
-0.85 0.385035
-0.84 0.386089
-0.83 0.387132
-0.82 0.388164
-0.81 0.389184
-0.8 0.390192
-0.79 0.391189
-0.78 0.392174
-0.77 0.393148
-0.76 0.39411
-0.75 0.39506
-0.74 0.395999
-0.73 0.396926
-0.72 0.397841
-0.71 0.398744
-0.7 0.399636
-0.69 0.400515
-0.68 0.401382
-0.67 0.402238
-0.66 0.403082
-0.65 0.403913
-0.64 0.404733
-0.63 0.40554
-0.62 0.406335
-0.61 0.407119
-0.6 0.40789
-0.59 0.408648
-0.58 0.409395
-0.57 0.410129
-0.56 0.410851
-0.55 0.411561
-0.54 0.412258
-0.53 0.412943
-0.52 0.413616
-0.51 0.414276
-0.5 0.414924
-0.49 0.41556
-0.48 0.416183
-0.47 0.416793
-0.46 0.417391
-0.45 0.417976
-0.44 0.418549
-0.43 0.419109
-0.42 0.419657
-0.41 0.420192
-0.4 0.420714
-0.39 0.421224
-0.38 0.421721
-0.37 0.422206
-0.36 0.422677
-0.35 0.423136
-0.34 0.423582
-0.33 0.424016
-0.32 0.424436
-0.31 0.424844
-0.3 0.425239
-0.29 0.425622
-0.28 0.425991
-0.27 0.426348
-0.26 0.426691
-0.25 0.427022
-0.24 0.42734
-0.23 0.427645
-0.22 0.427937
-0.21 0.428217
-0.2 0.428483
-0.19 0.428736
-0.18 0.428977
-0.17 0.429204
-0.16 0.429419
-0.15 0.42962
-0.14 0.429809
-0.13 0.429985
-0.12 0.430147
-0.11 0.430297
-0.1 0.430434
-0.09 0.430557
-0.08 0.430668
-0.07 0.430766
-0.06 0.43085
-0.05 0.430922
-0.04 0.43098
-0.03 0.431026
-0.02 0.431059
-0.01 0.431078
0 0.431085
0.01 0.431078
0.02 0.431059
0.03 0.431026
0.04 0.43098
0.05 0.430922
0.06 0.43085
0.07 0.430766
0.08 0.430668
0.09 0.430557
0.1 0.430434
0.11 0.430297
0.12 0.430147
0.13 0.429985
0.14 0.429809
0.15 0.42962
0.16 0.429419
0.17 0.429204
0.18 0.428977
0.19 0.428736
0.2 0.428483
0.21 0.428217
0.22 0.427937
0.23 0.427645
0.24 0.42734
0.25 0.427022
0.26 0.426691
0.27 0.426348
0.28 0.425991
0.29 0.425622
0.3 0.425239
0.31 0.424844
0.32 0.424436
0.33 0.424016
0.34 0.423582
0.35 0.423136
0.36 0.422677
0.37 0.422206
0.38 0.421721
0.39 0.421224
0.4 0.420714
0.41 0.420192
0.42 0.419657
0.43 0.419109
0.44 0.418549
0.45 0.417976
0.46 0.417391
0.47 0.416793
0.48 0.416183
0.49 0.41556
0.5 0.414924
0.51 0.414276
0.52 0.413616
0.53 0.412943
0.54 0.412258
0.55 0.411561
0.56 0.410851
0.57 0.410129
0.58 0.409395
0.59 0.408648
0.6 0.40789
0.61 0.407119
0.62 0.406335
0.63 0.40554
0.64 0.404733
0.65 0.403913
0.66 0.403082
0.67 0.402238
0.68 0.401382
0.69 0.400515
0.7 0.399636
0.71 0.398744
0.72 0.397841
0.73 0.396926
0.74 0.395999
0.75 0.39506
0.76 0.39411
0.77 0.393148
0.78 0.392174
0.79 0.391189
0.8 0.390192
0.81 0.389184
0.82 0.388164
0.83 0.387132
0.84 0.386089
0.85 0.385035
0.86 0.383969
0.87 0.382892
0.88 0.381804
0.89 0.380704
0.9 0.379594
0.91 0.378472
0.92 0.377339
0.93 0.376195
0.94 0.37504
0.95 0.373873
0.96 0.372696
0.97 0.371508
0.98 0.37031
0.99 0.3691
1 0.367879
1.01 0.366648
1.02 0.365406
1.03 0.364154
1.04 0.362891
1.05 0.361617
1.06 0.360333
1.07 0.359039
1.08 0.357734
1.09 0.356419
1.1 0.355093
1.11 0.353757
1.12 0.352411
1.13 0.351055
1.14 0.349689
1.15 0.348313
1.16 0.346926
1.17 0.34553
1.18 0.344124
1.19 0.342708
1.2 0.341283
1.21 0.339847
1.22 0.338402
1.23 0.336948
1.24 0.335483
1.25 0.33401
1.26 0.332527
1.27 0.331034
1.28 0.329532
1.29 0.328021
1.3 0.326501
1.31 0.324972
1.32 0.323433
1.33 0.321886
1.34 0.320329
1.35 0.318764
1.36 0.31719
1.37 0.315607
1.38 0.314015
1.39 0.312415
1.4 0.310806
1.41 0.309188
1.42 0.307563
1.43 0.305928
1.44 0.304286
1.45 0.302635
1.46 0.300976
1.47 0.299309
1.48 0.297633
1.49 0.29595
1.5 0.294259
1.51 0.29256
1.52 0.290853
1.53 0.289139
1.54 0.287417
1.55 0.285687
1.56 0.28395
1.57 0.282205
1.58 0.280453
1.59 0.278694
1.6 0.276927
1.61 0.275154
1.62 0.273373
1.63 0.271585
1.64 0.269791
1.65 0.267989
1.66 0.266181
1.67 0.264366
1.68 0.262545
1.69 0.260717
1.7 0.258882
1.71 0.257041
1.72 0.255194
1.73 0.25334
1.74 0.251481
1.75 0.249615
1.76 0.247744
1.77 0.245866
1.78 0.243983
1.79 0.242093
1.8 0.240199
1.81 0.238298
1.82 0.236392
1.83 0.234481
1.84 0.232565
1.85 0.230643
1.86 0.228716
1.87 0.226784
1.88 0.224847
1.89 0.222905
1.9 0.220958
1.91 0.219006
1.92 0.21705
1.93 0.21509
1.94 0.213124
1.95 0.211155
1.96 0.209181
1.97 0.207203
1.98 0.205221
1.99 0.203235
2 0.201245
2.01 0.199251
2.02 0.197253
2.03 0.195252
2.04 0.193247
2.05 0.191239
2.06 0.189227
2.07 0.187212
2.08 0.185194
2.09 0.183173
2.1 0.181149
2.11 0.179122
2.12 0.177092
2.13 0.175059
2.14 0.173024
2.15 0.170987
2.16 0.168947
2.17 0.166904
2.18 0.16486
2.19 0.162813
2.2 0.160764
2.21 0.158714
2.22 0.156661
2.23 0.154607
2.24 0.152552
2.25 0.150495
2.26 0.148436
2.27 0.146376
2.28 0.144315
2.29 0.142253
2.3 0.14019
2.31 0.138126
2.32 0.136062
2.33 0.133996
2.34 0.13193
2.35 0.129864
2.36 0.127797
2.37 0.12573
2.38 0.123663
2.39 0.121596
2.4 0.11953
2.41 0.117463
2.42 0.115397
2.43 0.113331
2.44 0.111265
2.45 0.1092
2.46 0.107137
2.47 0.105073
2.48 0.103011
2.49 0.10095
2.5 0.0988907
2.51 0.0968323
2.52 0.0947753
2.53 0.0927199
2.54 0.0906662
2.55 0.0886143
2.56 0.0865644
2.57 0.0845164
2.58 0.0824707
2.59 0.0804272
2.6 0.078386
2.61 0.0763474
2.62 0.0743115
2.63 0.0722782
2.64 0.0702479
2.65 0.0682205
2.66 0.0661963
2.67 0.0641753
2.68 0.0621576
2.69 0.0601435
2.7 0.0581329
2.71 0.0561261
2.72 0.0541231
2.73 0.0521241
2.74 0.0501292
2.75 0.0481385
2.76 0.0461522
2.77 0.0441704
2.78 0.0421932
2.79 0.0402207
2.8 0.0382531
2.81 0.0362904
2.82 0.0343329
2.83 0.0323807
2.84 0.0304338
2.85 0.0284924
2.86 0.0265567
2.87 0.0246268
2.88 0.0227027
2.89 0.0207847
2.9 0.0188729
2.91 0.0169674
2.92 0.0150683
2.93 0.0131758
2.94 0.0112899
2.95 0.00941096
2.96 0.00753895
2.97 0.00567406
2.98 0.00381641
2.99 0.00196615
3 0.00012341
3.01 -0.00171167
3.02 -0.00353896
3.03 -0.00535831
3.04 -0.00716958
3.05 -0.00897264
3.06 -0.0107674
3.07 -0.0125536
3.08 -0.0143311
3.09 -0.0160999
3.1 -0.0178598
3.11 -0.0196106
3.12 -0.0213523
3.13 -0.0230845
3.14 -0.0248073
3.15 -0.0265205
3.16 -0.0282238
3.17 -0.0299173
3.18 -0.0316007
3.19 -0.0332738
3.2 -0.0349366
3.21 -0.0365889
3.22 -0.0382305
3.23 -0.0398614
3.24 -0.0414813
3.25 -0.04309
3.26 -0.0446876
3.27 -0.0462737
3.28 -0.0478483
3.29 -0.0494112
3.3 -0.0509622
3.31 -0.0525012
3.32 -0.0540281
3.33 -0.0555427
3.34 -0.0570448
3.35 -0.0585343
3.36 -0.060011
3.37 -0.0614748
3.38 -0.0629255
3.39 -0.064363
3.4 -0.0657872
3.41 -0.0671977
3.42 -0.0685946
3.43 -0.0699776
3.44 -0.0713466
3.45 -0.0727015
3.46 -0.074042
3.47 -0.075368
3.48 -0.0766794
3.49 -0.077976
3.5 -0.0792576
3.51 -0.080524
3.52 -0.0817752
3.53 -0.083011
3.54 -0.0842311
3.55 -0.0854354
3.56 -0.0866238
3.57 -0.0877961
3.58 -0.0889522
3.59 -0.0900918
3.6 -0.0912148
3.61 -0.0923211
3.62 -0.0934104
3.63 -0.0944827
3.64 -0.0955377
3.65 -0.0965752
3.66 -0.0975952
3.67 -0.0985974
3.68 -0.0995817
3.69 -0.100548
3.7 -0.101496
3.71 -0.102425
3.72 -0.103336
3.73 -0.104228
3.74 -0.105101
3.75 -0.105955
3.76 -0.10679
3.77 -0.107605
3.78 -0.108401
3.79 -0.109177
3.8 -0.109933
3.81 -0.110668
3.82 -0.111384
3.83 -0.112079
3.84 -0.112753
3.85 -0.113406
3.86 -0.114038
3.87 -0.114649
3.88 -0.115239
3.89 -0.115807
3.9 -0.116353
3.91 -0.116878
3.92 -0.11738
3.93 -0.11786
3.94 -0.118317
3.95 -0.118752
3.96 -0.119164
3.97 -0.119553
3.98 -0.119919
3.99 -0.120261
4 -0.12058
4.01 -0.120875
4.02 -0.121147
4.03 -0.121394
4.04 -0.121616
4.05 -0.121815
4.06 -0.121988
4.07 -0.122137
4.08 -0.122261
4.09 -0.122359
4.1 -0.122432
4.11 -0.12248
4.12 -0.122502
4.13 -0.122497
4.14 -0.122467
4.15 -0.12241
4.16 -0.122327
4.17 -0.122216
4.18 -0.122079
4.19 -0.121915
4.2 -0.121724
4.21 -0.121505
4.22 -0.121258
4.23 -0.120983
4.24 -0.12068
4.25 -0.120349
4.26 -0.11999
4.27 -0.119602
4.28 -0.119184
4.29 -0.118738
4.3 -0.118263
4.31 -0.117758
4.32 -0.117223
4.33 -0.116659
4.34 -0.116065
4.35 -0.11544
4.36 -0.114785
4.37 -0.114099
4.38 -0.113382
4.39 -0.112634
4.4 -0.111855
4.41 -0.111045
4.42 -0.110202
4.43 -0.109328
4.44 -0.108422
4.45 -0.107484
4.46 -0.106513
4.47 -0.105509
4.48 -0.104473
4.49 -0.103403
4.5 -0.1023
4.51 -0.101164
4.52 -0.0999936
4.53 -0.0987896
4.54 -0.0975514
4.55 -0.0962788
4.56 -0.0949717
4.57 -0.0936299
4.58 -0.092253
4.59 -0.090841
4.6 -0.0893936
4.61 -0.0879106
4.62 -0.0863918
4.63 -0.084837
4.64 -0.0832459
4.65 -0.0816184
4.66 -0.0799542
4.67 -0.0782531
4.68 -0.0765149
4.69 -0.0747394
4.7 -0.0729264
4.71 -0.0710756
4.72 -0.0691869
4.73 -0.06726
4.74 -0.0652948
4.75 -0.0632909
4.76 -0.0612482
4.77 -0.0591664
4.78 -0.0570454
4.79 -0.0548849
4.8 -0.0526847
4.81 -0.0504445
4.82 -0.0481643
4.83 -0.0458436
4.84 -0.0434824
4.85 -0.0410803
4.86 -0.0386373
4.87 -0.0361529
4.88 -0.0336271
4.89 -0.0310596
4.9 -0.0284502
4.91 -0.0257986
4.92 -0.0231046
4.93 -0.020368
4.94 -0.0175886
4.95 -0.0147662
4.96 -0.0119004
4.97 -0.00899115
4.98 -0.00603815
4.99 -0.00304117
5 1.38879e-11


-5 1.38879e-11
-4.99 0.187295
-4.98 0.364334
-4.97 0.531456
-4.96 0.68899
-4.95 0.837257
-4.94 0.976572
-4.93 1.10724
-4.92 1.22956
-4.91 1.34383
-4.9 1.45033
-4.89 1.54934
-4.88 1.64112
-4.87 1.72595
-4.86 1.80408
-4.85 1.87577
-4.84 1.94125
-4.83 2.00076
-4.82 2.05454
-4.81 2.10282
-4.8 2.14581
-4.79 2.18373
-4.78 2.21679
-4.77 2.24519
-4.76 2.26913
-4.75 2.28881
-4.74 2.3044
-4.73 2.31609
-4.72 2.32406
-4.71 2.32848
-4.7 2.32952
-4.69 2.32734
-4.68 2.3221
-4.67 2.31394
-4.66 2.30303
-4.65 2.2895
-4.64 2.2735
-4.63 2.25515
-4.62 2.2346
-4.61 2.21196
-4.6 2.18737
-4.59 2.16094
-4.58 2.13279
-4.57 2.10303
-4.56 2.07176
-4.55 2.03911
-4.54 2.00516
-4.53 1.97001
-4.52 1.93376
-4.51 1.89651
-4.5 1.85833
-4.49 1.81932
-4.48 1.77955
-4.47 1.73912
-4.46 1.69808
-4.45 1.65652
-4.44 1.61451
-4.43 1.57211
-4.42 1.5294
-4.41 1.48643
-4.4 1.44327
-4.39 1.39996
-4.38 1.35658
-4.37 1.31317
-4.36 1.26978
-4.35 1.22646
-4.34 1.18326
-4.33 1.14022
-4.32 1.09739
-4.31 1.0548
-4.3 1.0125
-4.29 0.97052
-4.28 0.928894
-4.27 0.887656
-4.26 0.846838
-4.25 0.80647
-4.24 0.766578
-4.23 0.72719
-4.22 0.688331
-4.21 0.650022
-4.2 0.612287
-4.19 0.575145
-4.18 0.538615
-4.17 0.502715
-4.16 0.467461
-4.15 0.432867
-4.14 0.398949
-4.13 0.365718
-4.12 0.333185
-4.11 0.301361
-4.1 0.270255
-4.09 0.239876
-4.08 0.210229
-4.07 0.181322
-4.06 0.15316
-4.05 0.125746
-4.04 0.0990846
-4.03 0.073178
-4.02 0.0480279
-4.01 0.0236352
-4 1.12535e-07
-3.99 -0.0228779
-3.98 -0.0450002
-3.97 -0.0663687
-3.96 -0.086986
-3.95 -0.106855
-3.94 -0.12598
-3.93 -0.144366
-3.92 -0.162016
-3.91 -0.178937
-3.9 -0.195135
-3.89 -0.210616
-3.88 -0.225386
-3.87 -0.239454
-3.86 -0.252827
-3.85 -0.265513
-3.84 -0.277521
-3.83 -0.288859
-3.82 -0.299537
-3.81 -0.309565
-3.8 -0.318951
-3.79 -0.327706
-3.78 -0.335841
-3.77 -0.343365
-3.76 -0.350291
-3.75 -0.356628
-3.74 -0.362388
-3.73 -0.367583
-3.72 -0.372224
-3.71 -0.376322
-3.7 -0.379889
-3.69 -0.382938
-3.68 -0.38548
-3.67 -0.387528
-3.66 -0.389093
-3.65 -0.390189
-3.64 -0.390826
-3.63 -0.391019
-3.62 -0.390779
-3.61 -0.390118
-3.6 -0.389049
-3.59 -0.387585
-3.58 -0.385738
-3.57 -0.38352
-3.56 -0.380944
-3.55 -0.378022
-3.54 -0.374766
-3.53 -0.37119
-3.52 -0.367304
-3.51 -0.363121
-3.5 -0.358654
-3.49 -0.353913
-3.48 -0.348912
-3.47 -0.343661
-3.46 -0.338173
-3.45 -0.332458
-3.44 -0.32653
-3.43 -0.320398
-3.42 -0.314074
-3.41 -0.30757
-3.4 -0.300895
-3.39 -0.294062
-3.38 -0.28708
-3.37 -0.27996
-3.36 -0.272713
-3.35 -0.265348
-3.34 -0.257877
-3.33 -0.250307
-3.32 -0.24265
-3.31 -0.234915
-3.3 -0.227111
-3.29 -0.219247
-3.28 -0.211333
-3.27 -0.203377
-3.26 -0.195388
-3.25 -0.187375
-3.24 -0.179345
-3.23 -0.171306
-3.22 -0.163268
-3.21 -0.155236
-3.2 -0.14722
-3.19 -0.139226
-3.18 -0.131261
-3.17 -0.123332
-3.16 -0.115447
-3.15 -0.107611
-3.14 -0.0998304
-3.13 -0.0921124
-3.12 -0.0844624
-3.11 -0.0768862
-3.1 -0.0693895
-3.09 -0.0619775
-3.08 -0.0546554
-3.07 -0.0474284
-3.06 -0.0403011
-3.05 -0.0332781
-3.04 -0.0263639
-3.03 -0.0195627
-3.02 -0.0128786
-3.01 -0.00631531
-3 0.00012341
-2.99 0.00643412
-2.98 0.0126135
-2.97 0.0186585
-2.96 0.0245662
-2.95 0.0303337
-2.94 0.0359587
-2.93 0.0414385
-2.92 0.0467712
-2.91 0.0519545
-2.9 0.0569867
-2.89 0.0618659
-2.88 0.0665908
-2.87 0.0711599
-2.86 0.075572
-2.85 0.0798261
-2.84 0.0839212
-2.83 0.0878567
-2.82 0.0916319
-2.81 0.0952464
-2.8 0.0987
-2.79 0.101992
-2.78 0.105124
-2.77 0.108094
-2.76 0.110904
-2.75 0.113553
-2.74 0.116043
-2.73 0.118374
-2.72 0.120547
-2.71 0.122562
-2.7 0.124421
-2.69 0.126125
-2.68 0.127676
-2.67 0.129074
-2.66 0.130321
-2.65 0.13142
-2.64 0.13237
-2.63 0.133176
-2.62 0.133837
-2.61 0.134357
-2.6 0.134738
-2.59 0.134981
-2.58 0.13509
-2.57 0.135066
-2.56 0.134911
-2.55 0.13463
-2.54 0.134223
-2.53 0.133695
-2.52 0.133047
-2.51 0.132283
-2.5 0.131405
-2.49 0.130416
-2.48 0.12932
-2.47 0.12812
-2.46 0.126818
-2.45 0.125418
-2.44 0.123924
-2.43 0.122338
-2.42 0.120664
-2.41 0.118905
-2.4 0.117065
-2.39 0.115147
-2.38 0.113155
-2.37 0.111092
-2.36 0.108961
-2.35 0.106768
-2.34 0.104514
-2.33 0.102203
-2.32 0.0998404
-2.31 0.0974283
-2.3 0.0949708
-2.29 0.0924716
-2.28 0.0899345
-2.27 0.087363
-2.26 0.084761
-2.25 0.0821321
-2.24 0.07948
-2.23 0.0768085
-2.22 0.0741213
-2.21 0.071422
-2.2 0.0687144
-2.19 0.066002
-2.18 0.0632887
-2.17 0.060578
-2.16 0.0578735
-2.15 0.0551789
-2.14 0.0524978
-2.13 0.0498336
-2.12 0.0471901
-2.11 0.0445705
-2.1 0.0419786
-2.09 0.0394176
-2.08 0.036891
-2.07 0.0344023
-2.06 0.0319547
-2.05 0.0295515
-2.04 0.0271961
-2.03 0.0248916
-2.02 0.0226413
-2.01 0.0204483
-2 0.0183156
-1.99 0.0162464
-1.98 0.0142437
-1.97 0.0123104
-1.96 0.0104493
-1.95 0.00866347
-1.94 0.00695556
-1.93 0.00532835
-1.92 0.00378454
-1.91 0.00232676
-1.9 0.000957584
-1.89 -0.000320474
-1.88 -0.00150496
-1.87 -0.00259346
-1.86 -0.00358366
-1.85 -0.00447329
-1.84 -0.00526012
-1.83 -0.00594201
-1.82 -0.0065169
-1.81 -0.00698275
-1.8 -0.00733763
-1.79 -0.00757966
-1.78 -0.00770701
-1.77 -0.00771794
-1.76 -0.00761079
-1.75 -0.00738394
-1.74 -0.00703585
-1.73 -0.00656505
-1.72 -0.00597016
-1.71 -0.00524984
-1.7 -0.00440284
-1.69 -0.00342798
-1.68 -0.00232415
-1.67 -0.0010903
-1.66 0.000274518
-1.65 0.00177121
-1.64 0.0034006
-1.63 0.00516342
-1.62 0.00706037
-1.61 0.00909203
-1.6 0.0112589
-1.59 0.0135616
-1.58 0.0160003
-1.57 0.0185754
-1.56 0.0212871
-1.55 0.0241357
-1.54 0.0271212
-1.53 0.0302436
-1.52 0.0335028
-1.51 0.0368989
-1.5 0.0404315
-1.49 0.0441004
-1.48 0.0479053
-1.47 0.0518457
-1.46 0.0559213
-1.45 0.0601314
-1.44 0.0644754
-1.43 0.0689528
-1.42 0.0735626
-1.41 0.0783042
-1.4 0.0831766
-1.39 0.0881789
-1.38 0.09331
-1.37 0.098569
-1.36 0.103955
-1.35 0.109466
-1.34 0.115101
-1.33 0.120859
-1.32 0.126739
-1.31 0.132739
-1.3 0.138857
-1.29 0.145092
-1.28 0.151443
-1.27 0.157907
-1.26 0.164483
-1.25 0.17117
-1.24 0.177964
-1.23 0.184865
-1.22 0.191871
-1.21 0.198979
-1.2 0.206187
-1.19 0.213494
-1.18 0.220896
-1.17 0.228393
-1.16 0.235982
-1.15 0.24366
-1.14 0.251425
-1.13 0.259274
-1.12 0.267206
-1.11 0.275218
-1.1 0.283307
-1.09 0.291471
-1.08 0.299708
-1.07 0.308014
-1.06 0.316387
-1.05 0.324824
-1.04 0.333323
-1.03 0.341881
-1.02 0.350495
-1.01 0.359162
-1 0.367879
-0.99 0.376645
-0.98 0.385455
-0.97 0.394307
-0.96 0.403198
-0.95 0.412125
-0.94 0.421085
-0.93 0.430075
-0.92 0.439092
-0.91 0.448133
-0.9 0.457195
-0.89 0.466274
-0.88 0.475369
-0.87 0.484476
-0.86 0.493591
-0.85 0.502712
-0.84 0.511836
-0.83 0.520959
-0.82 0.530078
-0.81 0.539191
-0.8 0.548293
-0.79 0.557383
-0.78 0.566456
-0.77 0.57551
-0.76 0.584542
-0.75 0.593549
-0.74 0.602526
-0.73 0.611473
-0.72 0.620384
-0.71 0.629258
-0.7 0.63809
-0.69 0.646879
-0.68 0.655621
-0.67 0.664312
-0.66 0.672951
-0.65 0.681533
-0.64 0.690057
-0.63 0.698518
-0.62 0.706914
-0.61 0.715243
-0.6 0.723501
-0.59 0.731685
-0.58 0.739792
-0.57 0.74782
-0.56 0.755766
-0.55 0.763627
-0.54 0.771401
-0.53 0.779083
-0.52 0.786673
-0.51 0.794167
-0.5 0.801562
-0.49 0.808857
-0.48 0.816048
-0.47 0.823133
-0.46 0.830109
-0.45 0.836974
-0.44 0.843726
-0.43 0.850361
-0.42 0.856879
-0.41 0.863276
-0.4 0.869551
-0.39 0.875701
-0.38 0.881723
-0.37 0.887616
-0.36 0.893378
-0.35 0.899007
-0.34 0.904501
-0.33 0.909857
-0.32 0.915074
-0.31 0.92015
-0.3 0.925083
-0.29 0.929872
-0.28 0.934515
-0.27 0.93901
-0.26 0.943355
-0.25 0.947549
-0.24 0.951592
-0.23 0.95548
-0.22 0.959213
-0.21 0.962789
-0.2 0.966208
-0.19 0.969467
-0.18 0.972567
-0.17 0.975505
-0.16 0.978281
-0.15 0.980893
-0.14 0.983342
-0.13 0.985625
-0.12 0.987743
-0.11 0.989693
-0.1 0.991477
-0.09 0.993092
-0.08 0.994539
-0.07 0.995817
-0.06 0.996926
-0.05 0.997864
-0.04 0.998633
-0.03 0.999231
-0.02 0.999658
-0.01 0.999915
0 1
0.01 0.999915
0.02 0.999658
0.03 0.999231
0.04 0.998633
0.05 0.997864
0.06 0.996926
0.07 0.995817
0.08 0.994539
0.09 0.993092
0.1 0.991477
0.11 0.989693
0.12 0.987743
0.13 0.985625
0.14 0.983342
0.15 0.980893
0.16 0.978281
0.17 0.975505
0.18 0.972567
0.19 0.969467
0.2 0.966208
0.21 0.962789
0.22 0.959213
0.23 0.95548
0.24 0.951592
0.25 0.947549
0.26 0.943355
0.27 0.93901
0.28 0.934515
0.29 0.929872
0.3 0.925083
0.31 0.92015
0.32 0.915074
0.33 0.909857
0.34 0.904501
0.35 0.899007
0.36 0.893378
0.37 0.887616
0.38 0.881723
0.39 0.875701
0.4 0.869551
0.41 0.863276
0.42 0.856879
0.43 0.850361
0.44 0.843726
0.45 0.836974
0.46 0.830109
0.47 0.823133
0.48 0.816048
0.49 0.808857
0.5 0.801562
0.51 0.794167
0.52 0.786673
0.53 0.779083
0.54 0.771401
0.55 0.763627
0.56 0.755766
0.57 0.74782
0.58 0.739792
0.59 0.731685
0.6 0.723501
0.61 0.715243
0.62 0.706914
0.63 0.698518
0.64 0.690057
0.65 0.681533
0.66 0.672951
0.67 0.664312
0.68 0.655621
0.69 0.646879
0.7 0.63809
0.71 0.629258
0.72 0.620384
0.73 0.611473
0.74 0.602526
0.75 0.593549
0.76 0.584542
0.77 0.57551
0.78 0.566456
0.79 0.557383
0.8 0.548293
0.81 0.539191
0.82 0.530078
0.83 0.520959
0.84 0.511836
0.85 0.502712
0.86 0.493591
0.87 0.484476
0.88 0.475369
0.89 0.466274
0.9 0.457195
0.91 0.448133
0.92 0.439092
0.93 0.430075
0.94 0.421085
0.95 0.412125
0.96 0.403198
0.97 0.394307
0.98 0.385455
0.99 0.376645
1 0.367879
1.01 0.359162
1.02 0.350495
1.03 0.341881
1.04 0.333323
1.05 0.324824
1.06 0.316387
1.07 0.308014
1.08 0.299708
1.09 0.291471
1.1 0.283307
1.11 0.275218
1.12 0.267206
1.13 0.259274
1.14 0.251425
1.15 0.24366
1.16 0.235982
1.17 0.228393
1.18 0.220896
1.19 0.213494
1.2 0.206187
1.21 0.198979
1.22 0.191871
1.23 0.184865
1.24 0.177964
1.25 0.17117
1.26 0.164483
1.27 0.157907
1.28 0.151443
1.29 0.145092
1.3 0.138857
1.31 0.132739
1.32 0.126739
1.33 0.120859
1.34 0.115101
1.35 0.109466
1.36 0.103955
1.37 0.098569
1.38 0.09331
1.39 0.0881789
1.4 0.0831766
1.41 0.0783042
1.42 0.0735626
1.43 0.0689528
1.44 0.0644754
1.45 0.0601314
1.46 0.0559213
1.47 0.0518457
1.48 0.0479053
1.49 0.0441004
1.5 0.0404315
1.51 0.0368989
1.52 0.0335028
1.53 0.0302436
1.54 0.0271212
1.55 0.0241357
1.56 0.0212871
1.57 0.0185754
1.58 0.0160003
1.59 0.0135616
1.6 0.0112589
1.61 0.00909203
1.62 0.00706037
1.63 0.00516342
1.64 0.0034006
1.65 0.00177121
1.66 0.000274518
1.67 -0.0010903
1.68 -0.00232415
1.69 -0.00342798
1.7 -0.00440284
1.71 -0.00524984
1.72 -0.00597016
1.73 -0.00656505
1.74 -0.00703585
1.75 -0.00738394
1.76 -0.00761079
1.77 -0.00771794
1.78 -0.00770701
1.79 -0.00757966
1.8 -0.00733763
1.81 -0.00698275
1.82 -0.0065169
1.83 -0.00594201
1.84 -0.00526012
1.85 -0.00447329
1.86 -0.00358366
1.87 -0.00259346
1.88 -0.00150496
1.89 -0.000320474
1.9 0.000957584
1.91 0.00232676
1.92 0.00378454
1.93 0.00532835
1.94 0.00695556
1.95 0.00866347
1.96 0.0104493
1.97 0.0123104
1.98 0.0142437
1.99 0.0162464
2 0.0183156
2.01 0.0204483
2.02 0.0226413
2.03 0.0248916
2.04 0.0271961
2.05 0.0295515
2.06 0.0319547
2.07 0.0344023
2.08 0.036891
2.09 0.0394176
2.1 0.0419786
2.11 0.0445705
2.12 0.0471901
2.13 0.0498336
2.14 0.0524978
2.15 0.0551789
2.16 0.0578735
2.17 0.060578
2.18 0.0632887
2.19 0.066002
2.2 0.0687144
2.21 0.071422
2.22 0.0741213
2.23 0.0768085
2.24 0.07948
2.25 0.0821321
2.26 0.084761
2.27 0.087363
2.28 0.0899345
2.29 0.0924716
2.3 0.0949708
2.31 0.0974283
2.32 0.0998404
2.33 0.102203
2.34 0.104514
2.35 0.106768
2.36 0.108961
2.37 0.111092
2.38 0.113155
2.39 0.115147
2.4 0.117065
2.41 0.118905
2.42 0.120664
2.43 0.122338
2.44 0.123924
2.45 0.125418
2.46 0.126818
2.47 0.12812
2.48 0.12932
2.49 0.130416
2.5 0.131405
2.51 0.132283
2.52 0.133047
2.53 0.133695
2.54 0.134223
2.55 0.13463
2.56 0.134911
2.57 0.135066
2.58 0.13509
2.59 0.134981
2.6 0.134738
2.61 0.134357
2.62 0.133837
2.63 0.133176
2.64 0.13237
2.65 0.13142
2.66 0.130321
2.67 0.129074
2.68 0.127676
2.69 0.126125
2.7 0.124421
2.71 0.122562
2.72 0.120547
2.73 0.118374
2.74 0.116043
2.75 0.113553
2.76 0.110904
2.77 0.108094
2.78 0.105124
2.79 0.101992
2.8 0.0987
2.81 0.0952464
2.82 0.0916319
2.83 0.0878567
2.84 0.0839212
2.85 0.0798261
2.86 0.075572
2.87 0.0711599
2.88 0.0665908
2.89 0.0618659
2.9 0.0569867
2.91 0.0519545
2.92 0.0467712
2.93 0.0414385
2.94 0.0359587
2.95 0.0303337
2.96 0.0245662
2.97 0.0186585
2.98 0.0126135
2.99 0.00643412
3 0.00012341
3.01 -0.00631531
3.02 -0.0128786
3.03 -0.0195627
3.04 -0.0263639
3.05 -0.0332781
3.06 -0.0403011
3.07 -0.0474284
3.08 -0.0546554
3.09 -0.0619775
3.1 -0.0693895
3.11 -0.0768862
3.12 -0.0844624
3.13 -0.0921124
3.14 -0.0998304
3.15 -0.107611
3.16 -0.115447
3.17 -0.123332
3.18 -0.131261
3.19 -0.139226
3.2 -0.14722
3.21 -0.155236
3.22 -0.163268
3.23 -0.171306
3.24 -0.179345
3.25 -0.187375
3.26 -0.195388
3.27 -0.203377
3.28 -0.211333
3.29 -0.219247
3.3 -0.227111
3.31 -0.234915
3.32 -0.24265
3.33 -0.250307
3.34 -0.257877
3.35 -0.265348
3.36 -0.272713
3.37 -0.27996
3.38 -0.28708
3.39 -0.294062
3.4 -0.300895
3.41 -0.30757
3.42 -0.314074
3.43 -0.320398
3.44 -0.32653
3.45 -0.332458
3.46 -0.338173
3.47 -0.343661
3.48 -0.348912
3.49 -0.353913
3.5 -0.358654
3.51 -0.363121
3.52 -0.367304
3.53 -0.37119
3.54 -0.374766
3.55 -0.378022
3.56 -0.380944
3.57 -0.38352
3.58 -0.385738
3.59 -0.387585
3.6 -0.389049
3.61 -0.390118
3.62 -0.390779
3.63 -0.391019
3.64 -0.390826
3.65 -0.390189
3.66 -0.389093
3.67 -0.387528
3.68 -0.38548
3.69 -0.382938
3.7 -0.379889
3.71 -0.376322
3.72 -0.372224
3.73 -0.367583
3.74 -0.362388
3.75 -0.356628
3.76 -0.350291
3.77 -0.343365
3.78 -0.335841
3.79 -0.327706
3.8 -0.318951
3.81 -0.309565
3.82 -0.299537
3.83 -0.288859
3.84 -0.277521
3.85 -0.265513
3.86 -0.252827
3.87 -0.239454
3.88 -0.225386
3.89 -0.210616
3.9 -0.195135
3.91 -0.178937
3.92 -0.162016
3.93 -0.144366
3.94 -0.12598
3.95 -0.106855
3.96 -0.086986
3.97 -0.0663687
3.98 -0.0450002
3.99 -0.0228779
4 1.12535e-07
4.01 0.0236352
4.02 0.0480279
4.03 0.073178
4.04 0.0990846
4.05 0.125746
4.06 0.15316
4.07 0.181322
4.08 0.210229
4.09 0.239876
4.1 0.270255
4.11 0.301361
4.12 0.333185
4.13 0.365718
4.14 0.398949
4.15 0.432867
4.16 0.467461
4.17 0.502715
4.18 0.538615
4.19 0.575145
4.2 0.612287
4.21 0.650022
4.22 0.688331
4.23 0.72719
4.24 0.766578
4.25 0.80647
4.26 0.846838
4.27 0.887656
4.28 0.928894
4.29 0.97052
4.3 1.0125
4.31 1.0548
4.32 1.09739
4.33 1.14022
4.34 1.18326
4.35 1.22646
4.36 1.26978
4.37 1.31317
4.38 1.35658
4.39 1.39996
4.4 1.44327
4.41 1.48643
4.42 1.5294
4.43 1.57211
4.44 1.61451
4.45 1.65652
4.46 1.69808
4.47 1.73912
4.48 1.77955
4.49 1.81932
4.5 1.85833
4.51 1.89651
4.52 1.93376
4.53 1.97001
4.54 2.00516
4.55 2.03911
4.56 2.07176
4.57 2.10303
4.58 2.13279
4.59 2.16094
4.6 2.18737
4.61 2.21196
4.62 2.2346
4.63 2.25515
4.64 2.2735
4.65 2.2895
4.66 2.30303
4.67 2.31394
4.68 2.3221
4.69 2.32734
4.7 2.32952
4.71 2.32848
4.72 2.32406
4.73 2.31609
4.74 2.3044
4.75 2.28881
4.76 2.26913
4.77 2.24519
4.78 2.21679
4.79 2.18373
4.8 2.14581
4.81 2.10282
4.82 2.05454
4.83 2.00076
4.84 1.94125
4.85 1.87577
4.86 1.80408
4.87 1.72595
4.88 1.64112
4.89 1.54934
4.9 1.45033
4.91 1.34383
4.92 1.22956
4.93 1.10724
4.94 0.976572
4.95 0.837257
4.96 0.68899
4.97 0.531456
4.98 0.364334
4.99 0.187295
5 1.38879e-11


-5 1.38879e-11
-4.99 0.261831
-4.98 0.499778
-4.97 0.715211
-4.96 0.909442
-4.95 1.08373
-4.94 1.23927
-4.93 1.37721
-4.92 1.49865
-4.91 1.60462
-4.9 1.69614
-4.89 1.77415
-4.88 1.83955
-4.87 1.89322
-4.86 1.93597
-4.85 1.96858
-4.84 1.99181
-4.83 2.00635
-4.82 2.01289
-4.81 2.01205
-4.8 2.00445
-4.79 1.99066
-4.78 1.97122
-4.77 1.94664
-4.76 1.91742
-4.75 1.884
-4.74 1.84683
-4.73 1.80632
-4.72 1.76284
-4.71 1.71677
-4.7 1.66844
-4.69 1.61817
-4.68 1.56626
-4.67 1.513
-4.66 1.45864
-4.65 1.40343
-4.64 1.34761
-4.63 1.29137
-4.62 1.23493
-4.61 1.17846
-4.6 1.12214
-4.59 1.06611
-4.58 1.01053
-4.57 0.955523
-4.56 0.901211
-4.55 0.847703
-4.54 0.795101
-4.53 0.743493
-4.52 0.69296
-4.51 0.643575
-4.5 0.595401
-4.49 0.548495
-4.48 0.502905
-4.47 0.458673
-4.46 0.415835
-4.45 0.37442
-4.44 0.33445
-4.43 0.295946
-4.42 0.258918
-4.41 0.223377
-4.4 0.189326
-4.39 0.156764
-4.38 0.125688
-4.37 0.0960893
-4.36 0.0679582
-4.35 0.0412803
-4.34 0.0160389
-4.33 -0.00778519
-4.32 -0.0302137
-4.31 -0.0512705
-4.3 -0.0709813
-4.29 -0.0893735
-4.28 -0.106476
-4.27 -0.12232
-4.26 -0.136937
-4.25 -0.15036
-4.24 -0.162622
-4.23 -0.173758
-4.22 -0.183804
-4.21 -0.192795
-4.2 -0.200767
-4.19 -0.207758
-4.18 -0.213805
-4.17 -0.218943
-4.16 -0.223211
-4.15 -0.226645
-4.14 -0.229282
-4.13 -0.231159
-4.12 -0.232312
-4.11 -0.232778
-4.1 -0.232592
-4.09 -0.231789
-4.08 -0.230405
-4.07 -0.228472
-4.06 -0.226026
-4.05 -0.223098
-4.04 -0.219722
-4.03 -0.215929
-4.02 -0.211749
-4.01 -0.207213
-4 -0.202351
-3.99 -0.197191
-3.98 -0.19176
-3.97 -0.186085
-3.96 -0.180194
-3.95 -0.17411
-3.94 -0.167859
-3.93 -0.161463
-3.92 -0.154946
-3.91 -0.148329
-3.9 -0.141633
-3.89 -0.134879
-3.88 -0.128085
-3.87 -0.12127
-3.86 -0.114451
-3.85 -0.107644
-3.84 -0.100867
-3.83 -0.0941324
-3.82 -0.0874559
-3.81 -0.0808504
-3.8 -0.0743286
-3.79 -0.067902
-3.78 -0.0615817
-3.77 -0.055378
-3.76 -0.0493004
-3.75 -0.0433576
-3.74 -0.0375577
-3.73 -0.0319082
-3.72 -0.0264157
-3.71 -0.0210863
-3.7 -0.0159256
-3.69 -0.0109383
-3.68 -0.0061287
-3.67 -0.00150045
-3.66 0.00294334
-3.65 0.00720007
-3.64 0.0112677
-3.63 0.0151447
-3.62 0.0188299
-3.61 0.0223227
-3.6 0.0256229
-3.59 0.0287309
-3.58 0.0316471
-3.57 0.0343727
-3.56 0.036909
-3.55 0.0392578
-3.54 0.0414211
-3.53 0.0434013
-3.52 0.045201
-3.51 0.0468233
-3.5 0.0482712
-3.49 0.0495483
-3.48 0.0506582
-3.47 0.0516048
-3.46 0.0523921
-3.45 0.0530244
-3.44 0.053506
-3.43 0.0538415
-3.42 0.0540357
-3.41 0.0540931
-3.4 0.0540189
-3.39 0.0538179
-3.38 0.0534952
-3.37 0.0530559
-3.36 0.0525052
-3.35 0.0518484
-3.34 0.0510906
-3.33 0.0502371
-3.32 0.0492932
-3.31 0.0482641
-3.3 0.0471552
-3.29 0.0459715
-3.28 0.0447184
-3.27 0.043401
-3.26 0.0420243
-3.25 0.0405935
-3.24 0.0391134
-3.23 0.0375892
-3.22 0.0360254
-3.21 0.034427
-3.2 0.0327986
-3.19 0.0311447
-3.18 0.0294698
-3.17 0.0277784
-3.16 0.0260745
-3.15 0.0243624
-3.14 0.0226461
-3.13 0.0209295
-3.12 0.0192164
-3.11 0.0175103
-3.1 0.0158149
-3.09 0.0141335
-3.08 0.0124694
-3.07 0.0108257
-3.06 0.0092053
-3.05 0.00761115
-3.04 0.00604592
-3.03 0.00451217
-3.02 0.00301233
-3.01 0.0015487
-3 0.00012341
-2.99 -0.00126152
-2.98 -0.00260421
-2.97 -0.00390292
-2.96 -0.00515607
-2.95 -0.00636218
-2.94 -0.00751992
-2.93 -0.00862808
-2.92 -0.0096856
-2.91 -0.0106915
-2.9 -0.0116451
-2.89 -0.0125455
-2.88 -0.0133922
-2.87 -0.0141848
-2.86 -0.0149229
-2.85 -0.0156063
-2.84 -0.0162349
-2.83 -0.0168086
-2.82 -0.0173276
-2.81 -0.017792
-2.8 -0.0182022
-2.79 -0.0185584
-2.78 -0.0188612
-2.77 -0.0191112
-2.76 -0.0193089
-2.75 -0.0194552
-2.74 -0.0195507
-2.73 -0.0195964
-2.72 -0.0195931
-2.71 -0.019542
-2.7 -0.0194441
-2.69 -0.0193004
-2.68 -0.0191121
-2.67 -0.0188806
-2.66 -0.0186069
-2.65 -0.0182926
-2.64 -0.0179388
-2.63 -0.017547
-2.62 -0.0171186
-2.61 -0.016655
-2.6 -0.0161577
-2.59 -0.0156282
-2.58 -0.015068
-2.57 -0.0144785
-2.56 -0.0138614
-2.55 -0.0132181
-2.54 -0.0125501
-2.53 -0.011859
-2.52 -0.0111464
-2.51 -0.0104136
-2.5 -0.00966229
-2.49 -0.00889388
-2.48 -0.00810985
-2.47 -0.00731165
-2.46 -0.00650072
-2.45 -0.00567846
-2.44 -0.00484625
-2.43 -0.00400543
-2.42 -0.00315732
-2.41 -0.00230318
-2.4 -0.00144427
-2.39 -0.000581769
-2.38 0.000283159
-2.37 0.0011494
-2.36 0.0020159
-2.35 0.00288164
-2.34 0.00374565
-2.33 0.00460701
-2.32 0.00546488
-2.31 0.00631844
-2.3 0.00716694
-2.29 0.0080097
-2.28 0.00884607
-2.27 0.0096755
-2.26 0.0104975
-2.25 0.0113115
-2.24 0.0121173
-2.23 0.0129144
-2.22 0.0137027
-2.21 0.0144818
-2.2 0.0152518
-2.19 0.0160125
-2.18 0.0167639
-2.17 0.0175062
-2.16 0.0182393
-2.15 0.0189636
-2.14 0.0196793
-2.13 0.0203867
-2.12 0.0210862
-2.11 0.0217783
-2.1 0.0224635
-2.09 0.0231423
-2.08 0.0238155
-2.07 0.0244838
-2.06 0.0251478
-2.05 0.0258085
-2.04 0.0264667
-2.03 0.0271234
-2.02 0.0277796
-2.01 0.0284364
-2 0.0290948
-1.99 0.0297561
-1.98 0.0304215
-1.97 0.0310922
-1.96 0.0317696
-1.95 0.0324551
-1.94 0.03315
-1.93 0.0338559
-1.92 0.0345742
-1.91 0.0353064
-1.9 0.0360543
-1.89 0.0368193
-1.88 0.0376032
-1.87 0.0384077
-1.86 0.0392344
-1.85 0.0400851
-1.84 0.0409617
-1.83 0.0418659
-1.82 0.0427995
-1.81 0.0437644
-1.8 0.0447625
-1.79 0.0457956
-1.78 0.0468657
-1.77 0.0479747
-1.76 0.0491245
-1.75 0.050317
-1.74 0.0515542
-1.73 0.052838
-1.72 0.0541703
-1.71 0.0555532
-1.7 0.0569885
-1.69 0.0584782
-1.68 0.0600243
-1.67 0.0616285
-1.66 0.0632929
-1.65 0.0650193
-1.64 0.0668096
-1.63 0.0686657
-1.62 0.0705894
-1.61 0.0725824
-1.6 0.0746467
-1.59 0.076784
-1.58 0.0789959
-1.57 0.0812842
-1.56 0.0836505
-1.55 0.0860966
-1.54 0.0886239
-1.53 0.091234
-1.52 0.0939285
-1.51 0.0967088
-1.5 0.0995763
-1.49 0.102532
-1.48 0.105579
-1.47 0.108716
-1.46 0.111945
-1.45 0.115269
-1.44 0.118687
-1.43 0.122201
-1.42 0.125811
-1.41 0.129519
-1.4 0.133326
-1.39 0.137233
-1.38 0.141239
-1.37 0.145346
-1.36 0.149555
-1.35 0.153866
-1.34 0.158279
-1.33 0.162795
-1.32 0.167415
-1.31 0.172138
-1.3 0.176965
-1.29 0.181895
-1.28 0.18693
-1.27 0.192068
-1.26 0.19731
-1.25 0.202656
-1.24 0.208105
-1.23 0.213657
-1.22 0.219312
-1.21 0.225069
-1.2 0.230927
-1.19 0.236887
-1.18 0.242946
-1.17 0.249105
-1.16 0.255363
-1.15 0.261718
-1.14 0.26817
-1.13 0.274717
-1.12 0.281359
-1.11 0.288094
-1.1 0.29492
-1.09 0.301837
-1.08 0.308842
-1.07 0.315935
-1.06 0.323113
-1.05 0.330375
-1.04 0.33772
-1.03 0.345144
-1.02 0.352647
-1.01 0.360226
-1 0.367879
-0.99 0.375605
-0.98 0.3834
-0.97 0.391263
-0.96 0.399192
-0.95 0.407183
-0.94 0.415234
-0.93 0.423344
-0.92 0.431508
-0.91 0.439726
-0.9 0.447993
-0.89 0.456308
-0.88 0.464667
-0.87 0.473067
-0.86 0.481506
-0.85 0.489981
-0.84 0.498488
-0.83 0.507025
-0.82 0.515588
-0.81 0.524175
-0.8 0.532781
-0.79 0.541405
-0.78 0.550042
-0.77 0.55869
-0.76 0.567344
-0.75 0.576002
-0.74 0.584661
-0.73 0.593316
-0.72 0.601964
-0.71 0.610603
-0.7 0.619228
-0.69 0.627836
-0.68 0.636423
-0.67 0.644986
-0.66 0.653521
-0.65 0.662026
-0.64 0.670495
-0.63 0.678926
-0.62 0.687315
-0.61 0.695659
-0.6 0.703953
-0.59 0.712195
-0.58 0.720381
-0.57 0.728507
-0.56 0.73657
-0.55 0.744566
-0.54 0.752491
-0.53 0.760343
-0.52 0.768117
-0.51 0.775811
-0.5 0.78342
-0.49 0.790942
-0.48 0.798372
-0.47 0.805709
-0.46 0.812947
-0.45 0.820085
-0.44 0.827118
-0.43 0.834044
-0.42 0.84086
-0.41 0.847561
-0.4 0.854146
-0.39 0.860611
-0.38 0.866953
-0.37 0.873169
-0.36 0.879257
-0.35 0.885213
-0.34 0.891034
-0.33 0.896719
-0.32 0.902264
-0.31 0.907666
-0.3 0.912924
-0.29 0.918034
-0.28 0.922995
-0.27 0.927803
-0.26 0.932458
-0.25 0.936955
-0.24 0.941294
-0.23 0.945472
-0.22 0.949487
-0.21 0.953337
-0.2 0.957021
-0.19 0.960537
-0.18 0.963883
-0.17 0.967057
-0.16 0.970058
-0.15 0.972884
-0.14 0.975534
-0.13 0.978008
-0.12 0.980303
-0.11 0.982418
-0.1 0.984353
-0.09 0.986106
-0.08 0.987677
-0.07 0.989065
-0.06 0.99027
-0.05 0.99129
-0.04 0.992125
-0.03 0.992775
-0.02 0.99324
-0.01 0.993519
0 0.993612
0.01 0.993519
0.02 0.99324
0.03 0.992775
0.04 0.992125
0.05 0.99129
0.06 0.99027
0.07 0.989065
0.08 0.987677
0.09 0.986106
0.1 0.984353
0.11 0.982418
0.12 0.980303
0.13 0.978008
0.14 0.975534
0.15 0.972884
0.16 0.970058
0.17 0.967057
0.18 0.963883
0.19 0.960537
0.2 0.957021
0.21 0.953337
0.22 0.949487
0.23 0.945472
0.24 0.941294
0.25 0.936955
0.26 0.932458
0.27 0.927803
0.28 0.922995
0.29 0.918034
0.3 0.912924
0.31 0.907666
0.32 0.902264
0.33 0.896719
0.34 0.891034
0.35 0.885213
0.36 0.879257
0.37 0.873169
0.38 0.866953
0.39 0.860611
0.4 0.854146
0.41 0.847561
0.42 0.84086
0.43 0.834044
0.44 0.827118
0.45 0.820085
0.46 0.812947
0.47 0.805709
0.48 0.798372
0.49 0.790942
0.5 0.78342
0.51 0.775811
0.52 0.768117
0.53 0.760343
0.54 0.752491
0.55 0.744566
0.56 0.73657
0.57 0.728507
0.58 0.720381
0.59 0.712195
0.6 0.703953
0.61 0.695659
0.62 0.687315
0.63 0.678926
0.64 0.670495
0.65 0.662026
0.66 0.653521
0.67 0.644986
0.68 0.636423
0.69 0.627836
0.7 0.619228
0.71 0.610603
0.72 0.601964
0.73 0.593316
0.74 0.584661
0.75 0.576002
0.76 0.567344
0.77 0.55869
0.78 0.550042
0.79 0.541405
0.8 0.532781
0.81 0.524175
0.82 0.515588
0.83 0.507025
0.84 0.498488
0.85 0.489981
0.86 0.481506
0.87 0.473067
0.88 0.464667
0.89 0.456308
0.9 0.447993
0.91 0.439726
0.92 0.431508
0.93 0.423344
0.94 0.415234
0.95 0.407183
0.96 0.399192
0.97 0.391263
0.98 0.3834
0.99 0.375605
1 0.367879
1.01 0.360226
1.02 0.352647
1.03 0.345144
1.04 0.33772
1.05 0.330375
1.06 0.323113
1.07 0.315935
1.08 0.308842
1.09 0.301837
1.1 0.29492
1.11 0.288094
1.12 0.281359
1.13 0.274717
1.14 0.26817
1.15 0.261718
1.16 0.255363
1.17 0.249105
1.18 0.242946
1.19 0.236887
1.2 0.230927
1.21 0.225069
1.22 0.219312
1.23 0.213657
1.24 0.208105
1.25 0.202656
1.26 0.19731
1.27 0.192068
1.28 0.18693
1.29 0.181895
1.3 0.176965
1.31 0.172138
1.32 0.167415
1.33 0.162795
1.34 0.158279
1.35 0.153866
1.36 0.149555
1.37 0.145346
1.38 0.141239
1.39 0.137233
1.4 0.133326
1.41 0.129519
1.42 0.125811
1.43 0.122201
1.44 0.118687
1.45 0.115269
1.46 0.111945
1.47 0.108716
1.48 0.105579
1.49 0.102532
1.5 0.0995763
1.51 0.0967088
1.52 0.0939285
1.53 0.091234
1.54 0.0886239
1.55 0.0860966
1.56 0.0836505
1.57 0.0812842
1.58 0.0789959
1.59 0.076784
1.6 0.0746467
1.61 0.0725824
1.62 0.0705894
1.63 0.0686657
1.64 0.0668096
1.65 0.0650193
1.66 0.0632929
1.67 0.0616285
1.68 0.0600243
1.69 0.0584782
1.7 0.0569885
1.71 0.0555532
1.72 0.0541703
1.73 0.052838
1.74 0.0515542
1.75 0.050317
1.76 0.0491245
1.77 0.0479747
1.78 0.0468657
1.79 0.0457956
1.8 0.0447625
1.81 0.0437644
1.82 0.0427995
1.83 0.0418659
1.84 0.0409617
1.85 0.0400851
1.86 0.0392344
1.87 0.0384077
1.88 0.0376032
1.89 0.0368193
1.9 0.0360543
1.91 0.0353064
1.92 0.0345742
1.93 0.0338559
1.94 0.03315
1.95 0.0324551
1.96 0.0317696
1.97 0.0310922
1.98 0.0304215
1.99 0.0297561
2 0.0290948
2.01 0.0284364
2.02 0.0277796
2.03 0.0271234
2.04 0.0264667
2.05 0.0258085
2.06 0.0251478
2.07 0.0244838
2.08 0.0238155
2.09 0.0231423
2.1 0.0224635
2.11 0.0217783
2.12 0.0210862
2.13 0.0203867
2.14 0.0196793
2.15 0.0189636
2.16 0.0182393
2.17 0.0175062
2.18 0.0167639
2.19 0.0160125
2.2 0.0152518
2.21 0.0144818
2.22 0.0137027
2.23 0.0129144
2.24 0.0121173
2.25 0.0113115
2.26 0.0104975
2.27 0.0096755
2.28 0.00884607
2.29 0.0080097
2.3 0.00716694
2.31 0.00631844
2.32 0.00546488
2.33 0.00460701
2.34 0.00374565
2.35 0.00288164
2.36 0.0020159
2.37 0.0011494
2.38 0.000283159
2.39 -0.000581769
2.4 -0.00144427
2.41 -0.00230318
2.42 -0.00315732
2.43 -0.00400543
2.44 -0.00484625
2.45 -0.00567846
2.46 -0.00650072
2.47 -0.00731165
2.48 -0.00810985
2.49 -0.00889388
2.5 -0.00966229
2.51 -0.0104136
2.52 -0.0111464
2.53 -0.011859
2.54 -0.0125501
2.55 -0.0132181
2.56 -0.0138614
2.57 -0.0144785
2.58 -0.015068
2.59 -0.0156282
2.6 -0.0161577
2.61 -0.016655
2.62 -0.0171186
2.63 -0.017547
2.64 -0.0179388
2.65 -0.0182926
2.66 -0.0186069
2.67 -0.0188806
2.68 -0.0191121
2.69 -0.0193004
2.7 -0.0194441
2.71 -0.019542
2.72 -0.0195931
2.73 -0.0195964
2.74 -0.0195507
2.75 -0.0194552
2.76 -0.0193089
2.77 -0.0191112
2.78 -0.0188612
2.79 -0.0185584
2.8 -0.0182022
2.81 -0.017792
2.82 -0.0173276
2.83 -0.0168086
2.84 -0.0162349
2.85 -0.0156063
2.86 -0.0149229
2.87 -0.0141848
2.88 -0.0133922
2.89 -0.0125455
2.9 -0.0116451
2.91 -0.0106915
2.92 -0.0096856
2.93 -0.00862808
2.94 -0.00751992
2.95 -0.00636218
2.96 -0.00515607
2.97 -0.00390292
2.98 -0.00260421
2.99 -0.00126152
3 0.00012341
3.01 0.0015487
3.02 0.00301233
3.03 0.00451217
3.04 0.00604592
3.05 0.00761115
3.06 0.0092053
3.07 0.0108257
3.08 0.0124694
3.09 0.0141335
3.1 0.0158149
3.11 0.0175103
3.12 0.0192164
3.13 0.0209295
3.14 0.0226461
3.15 0.0243624
3.16 0.0260745
3.17 0.0277784
3.18 0.0294698
3.19 0.0311447
3.2 0.0327986
3.21 0.034427
3.22 0.0360254
3.23 0.0375892
3.24 0.0391134
3.25 0.0405935
3.26 0.0420243
3.27 0.043401
3.28 0.0447184
3.29 0.0459715
3.3 0.0471552
3.31 0.0482641
3.32 0.0492932
3.33 0.0502371
3.34 0.0510906
3.35 0.0518484
3.36 0.0525052
3.37 0.0530559
3.38 0.0534952
3.39 0.0538179
3.4 0.0540189
3.41 0.0540931
3.42 0.0540357
3.43 0.0538415
3.44 0.053506
3.45 0.0530244
3.46 0.0523921
3.47 0.0516048
3.48 0.0506582
3.49 0.0495483
3.5 0.0482712
3.51 0.0468233
3.52 0.045201
3.53 0.0434013
3.54 0.0414211
3.55 0.0392578
3.56 0.036909
3.57 0.0343727
3.58 0.0316471
3.59 0.0287309
3.6 0.0256229
3.61 0.0223227
3.62 0.0188299
3.63 0.0151447
3.64 0.0112677
3.65 0.00720007
3.66 0.00294334
3.67 -0.00150045
3.68 -0.0061287
3.69 -0.0109383
3.7 -0.0159256
3.71 -0.0210863
3.72 -0.0264157
3.73 -0.0319082
3.74 -0.0375577
3.75 -0.0433576
3.76 -0.0493004
3.77 -0.055378
3.78 -0.0615817
3.79 -0.067902
3.8 -0.0743286
3.81 -0.0808504
3.82 -0.0874559
3.83 -0.0941324
3.84 -0.100867
3.85 -0.107644
3.86 -0.114451
3.87 -0.12127
3.88 -0.128085
3.89 -0.134879
3.9 -0.141633
3.91 -0.148329
3.92 -0.154946
3.93 -0.161463
3.94 -0.167859
3.95 -0.17411
3.96 -0.180194
3.97 -0.186085
3.98 -0.19176
3.99 -0.197191
4 -0.202351
4.01 -0.207213
4.02 -0.211749
4.03 -0.215929
4.04 -0.219722
4.05 -0.223098
4.06 -0.226026
4.07 -0.228472
4.08 -0.230405
4.09 -0.231789
4.1 -0.232592
4.11 -0.232778
4.12 -0.232312
4.13 -0.231159
4.14 -0.229282
4.15 -0.226645
4.16 -0.223211
4.17 -0.218943
4.18 -0.213805
4.19 -0.207758
4.2 -0.200767
4.21 -0.192795
4.22 -0.183804
4.23 -0.173758
4.24 -0.162622
4.25 -0.15036
4.26 -0.136937
4.27 -0.12232
4.28 -0.106476
4.29 -0.0893735
4.3 -0.0709813
4.31 -0.0512705
4.32 -0.0302137
4.33 -0.00778519
4.34 0.0160389
4.35 0.0412803
4.36 0.0679582
4.37 0.0960893
4.38 0.125688
4.39 0.156764
4.4 0.189326
4.41 0.223377
4.42 0.258918
4.43 0.295946
4.44 0.33445
4.45 0.37442
4.46 0.415835
4.47 0.458673
4.48 0.502905
4.49 0.548495
4.5 0.595401
4.51 0.643575
4.52 0.69296
4.53 0.743493
4.54 0.795101
4.55 0.847703
4.56 0.901211
4.57 0.955523
4.58 1.01053
4.59 1.06611
4.6 1.12214
4.61 1.17846
4.62 1.23493
4.63 1.29137
4.64 1.34761
4.65 1.40343
4.66 1.45864
4.67 1.513
4.68 1.56626
4.69 1.61817
4.7 1.66844
4.71 1.71677
4.72 1.76284
4.73 1.80632
4.74 1.84683
4.75 1.884
4.76 1.91742
4.77 1.94664
4.78 1.97122
4.79 1.99066
4.8 2.00445
4.81 2.01205
4.82 2.01289
4.83 2.00635
4.84 1.99181
4.85 1.96858
4.86 1.93597
4.87 1.89322
4.88 1.83955
4.89 1.77415
4.9 1.69614
4.91 1.60462
4.92 1.49865
4.93 1.37721
4.94 1.23927
4.95 1.08373
4.96 0.909442
4.97 0.715211
4.98 0.499778
4.99 0.261831
5 1.38879e-11


-5 1.38879e-11
-4.99 -1.30235
-4.98 -2.42458
-4.97 -3.38308
-4.96 -4.19306
-4.95 -4.86862
-4.94 -5.42284
-4.93 -5.86781
-4.92 -6.21472
-4.91 -6.47389
-4.9 -6.65484
-4.89 -6.76634
-4.88 -6.81647
-4.87 -6.81262
-4.86 -6.76159
-4.85 -6.6696
-4.84 -6.54233
-4.83 -6.38495
-4.82 -6.20219
-4.81 -5.99832
-4.8 -5.77722
-4.79 -5.5424
-4.78 -5.29702
-4.77 -5.0439
-4.76 -4.78559
-4.75 -4.52434
-4.74 -4.26217
-4.73 -4.00085
-4.72 -3.74193
-4.71 -3.48677
-4.7 -3.23655
-4.69 -2.99227
-4.68 -2.7548
-4.67 -2.52486
-4.66 -2.30302
-4.65 -2.08977
-4.64 -1.88548
-4.63 -1.69042
-4.62 -1.50479
-4.61 -1.32871
-4.6 -1.16221
-4.59 -1.0053
-4.58 -0.857891
-4.57 -0.719882
-4.56 -0.591117
-4.55 -0.471403
-4.54 -0.360518
-4.53 -0.258215
-4.52 -0.164222
-4.51 -0.0782516
-4.5 1.60523e-09
-4.49 0.0708477
-4.48 0.134615
-4.47 0.191632
-4.46 0.24223
-4.45 0.286746
-4.44 0.325514
-4.43 0.358865
-4.42 0.387128
-4.41 0.410627
-4.4 0.42968
-4.39 0.444596
-4.38 0.455678
-4.37 0.463219
-4.36 0.467505
-4.35 0.468809
-4.34 0.467395
-4.33 0.463517
-4.32 0.457417
-4.31 0.449327
-4.3 0.439467
-4.29 0.428046
-4.28 0.415263
-4.27 0.401304
-4.26 0.386346
-4.25 0.370554
-4.24 0.354082
-4.23 0.337076
-4.22 0.319668
-4.21 0.301984
-4.2 0.284139
-4.19 0.266238
-4.18 0.248378
-4.17 0.230647
-4.16 0.213125
-4.15 0.195884
-4.14 0.178989
-4.13 0.162496
-4.12 0.146458
-4.11 0.130917
-4.1 0.115912
-4.09 0.101475
-4.08 0.0876329
-4.07 0.0744073
-4.06 0.0618152
-4.05 0.0498692
-4.04 0.0385779
-4.03 0.0279457
-4.02 0.0179739
-4.01 0.00866043
-4 1.12535e-07
-3.99 -0.00801475
-3.98 -0.0153943
-3.97 -0.022151
-3.96 -0.0282991
-3.95 -0.0338547
-3.94 -0.0388355
-3.93 -0.0432602
-3.92 -0.047149
-3.91 -0.0505228
-3.9 -0.0534036
-3.89 -0.0558136
-3.88 -0.0577759
-3.87 -0.0593137
-3.86 -0.0604504
-3.85 -0.0612096
-3.84 -0.0616149
-3.83 -0.0616897
-3.82 -0.0614571
-3.81 -0.0609402
-3.8 -0.0601614
-3.79 -0.0591429
-3.78 -0.0579062
-3.77 -0.0564723
-3.76 -0.0548617
-3.75 -0.0530941
-3.74 -0.0511886
-3.73 -0.0491634
-3.72 -0.0470363
-3.71 -0.0448239
-3.7 -0.0425423
-3.69 -0.0402067
-3.68 -0.0378315
-3.67 -0.0354303
-3.66 -0.0330158
-3.65 -0.0306001
-3.64 -0.0281943
-3.63 -0.0258086
-3.62 -0.0234528
-3.61 -0.0211357
-3.6 -0.0188651
-3.59 -0.0166486
-3.58 -0.0144925
-3.57 -0.012403
-3.56 -0.010385
-3.55 -0.00844333
-3.54 -0.00658177
-3.53 -0.00480369
-3.52 -0.00311186
-3.51 -0.00150847
-3.5 4.78512e-06
-3.49 0.00142673
-3.48 0.00275663
-3.47 0.00399422
-3.46 0.00513962
-3.45 0.00619338
-3.44 0.00715635
-3.43 0.00802978
-3.42 0.00881516
-3.41 0.00951432
-3.4 0.0101293
-3.39 0.0106624
-3.38 0.0111162
-3.37 0.0114933
-3.36 0.0117965
-3.35 0.0120289
-3.34 0.0121937
-3.33 0.0122939
-3.32 0.0123329
-3.31 0.012314
-3.3 0.0122408
-3.29 0.0121165
-3.28 0.0119448
-3.27 0.0117289
-3.26 0.0114724
-3.25 0.0111786
-3.24 0.010851
-3.23 0.0104929
-3.22 0.0101075
-3.21 0.00969796
-3.2 0.0092675
-3.19 0.0088191
-3.18 0.0083557
-3.17 0.00788014
-3.16 0.00739514
-3.15 0.00690332
-3.14 0.0064072
-3.13 0.00590916
-3.12 0.00541147
-3.11 0.00491628
-3.1 0.00442562
-3.09 0.00394137
-3.08 0.00346531
-3.07 0.00299909
-3.06 0.00254423
-3.05 0.00210213
-3.04 0.00167406
-3.03 0.00126118
-3.02 0.000864513
-3.01 0.000484989
-3 0.00012341
-2.99 -0.000219533
-2.98 -0.000543251
-2.97 -0.000847264
-2.96 -0.00113119
-2.95 -0.00139474
-2.94 -0.00163773
-2.93 -0.00186004
-2.92 -0.00206166
-2.91 -0.00224264
-2.9 -0.00240311
-2.89 -0.00254329
-2.88 -0.00266343
-2.87 -0.00276386
-2.86 -0.00284498
-2.85 -0.00290722
-2.84 -0.00295105
-2.83 -0.00297702
-2.82 -0.00298569
-2.81 -0.00297765
-2.8 -0.00295353
-2.79 -0.002914
-2.78 -0.00285971
-2.77 -0.00279138
-2.76 -0.00270969
-2.75 -0.00261537
-2.74 -0.00250914
-2.73 -0.00239172
-2.72 -0.00226383
-2.71 -0.00212619
-2.7 -0.00197951
-2.69 -0.00182448
-2.68 -0.0016618
-2.67 -0.00149213
-2.66 -0.00131613
-2.65 -0.00113442
-2.64 -0.00094762
-2.63 -0.000756306
-2.62 -0.000561036
-2.61 -0.00036234
-2.6 -0.000160716
-2.59 4.33673e-05
-2.58 0.000249476
-2.57 0.000457208
-2.56 0.000666196
-2.55 0.000876109
-2.54 0.00108665
-2.53 0.00129756
-2.52 0.00150861
-2.51 0.00171963
-2.5 0.00193045
-2.49 0.00214098
-2.48 0.00235114
-2.47 0.00256088
-2.46 0.00277022
-2.45 0.00297919
-2.44 0.00318786
-2.43 0.00339634
-2.42 0.00360479
-2.41 0.00381336
-2.4 0.00402229
-2.39 0.00423181
-2.38 0.00444221
-2.37 0.00465379
-2.36 0.00486689
-2.35 0.00508189
-2.34 0.00529919
-2.33 0.00551921
-2.32 0.0057424
-2.31 0.00596926
-2.3 0.00620027
-2.29 0.00643597
-2.28 0.00667692
-2.27 0.00692367
-2.26 0.00717684
-2.25 0.00743703
-2.24 0.00770487
-2.23 0.00798101
-2.22 0.00826613
-2.21 0.00856089
-2.2 0.00886601
-2.19 0.0091822
-2.18 0.00951017
-2.17 0.00985067
-2.16 0.0102044
-2.15 0.0105722
-2.14 0.0109549
-2.13 0.011353
-2.12 0.0117676
-2.11 0.0121993
-2.1 0.012649
-2.09 0.0131175
-2.08 0.0136056
-2.07 0.0141141
-2.06 0.0146439
-2.05 0.0151957
-2.04 0.0157705
-2.03 0.016369
-2.02 0.0169921
-2.01 0.0176407
-2 0.0183156
-1.99 0.0190177
-1.98 0.0197479
-1.97 0.0205069
-1.96 0.0212957
-1.95 0.0221151
-1.94 0.0229661
-1.93 0.0238494
-1.92 0.0247661
-1.91 0.0257168
-1.9 0.0267027
-1.89 0.0277244
-1.88 0.028783
-1.87 0.0298793
-1.86 0.0310141
-1.85 0.0321885
-1.84 0.0334034
-1.83 0.0346595
-1.82 0.0359579
-1.81 0.0372994
-1.8 0.038685
-1.79 0.0401156
-1.78 0.041592
-1.77 0.0431154
-1.76 0.0446864
-1.75 0.0463062
-1.74 0.0479756
-1.73 0.0496956
-1.72 0.0514671
-1.71 0.0532911
-1.7 0.0551684
-1.69 0.0571001
-1.68 0.0590872
-1.67 0.0611305
-1.66 0.063231
-1.65 0.0653897
-1.64 0.0676075
-1.63 0.0698854
-1.62 0.0722244
-1.61 0.0746254
-1.6 0.0770893
-1.59 0.0796171
-1.58 0.0822098
-1.57 0.0848683
-1.56 0.0875936
-1.55 0.0903866
-1.54 0.0932482
-1.53 0.0961793
-1.52 0.0991809
-1.51 0.102254
-1.5 0.105399
-1.49 0.108618
-1.48 0.11191
-1.47 0.115278
-1.46 0.118721
-1.45 0.122241
-1.44 0.125838
-1.43 0.129514
-1.42 0.133268
-1.41 0.137102
-1.4 0.141017
-1.39 0.145013
-1.38 0.149092
-1.37 0.153252
-1.36 0.157496
-1.35 0.161824
-1.34 0.166236
-1.33 0.170734
-1.32 0.175317
-1.31 0.179986
-1.3 0.184741
-1.29 0.189583
-1.28 0.194513
-1.27 0.19953
-1.26 0.204635
-1.25 0.209828
-1.24 0.215109
-1.23 0.220478
-1.22 0.225937
-1.21 0.231483
-1.2 0.237119
-1.19 0.242842
-1.18 0.248654
-1.17 0.254555
-1.16 0.260543
-1.15 0.266619
-1.14 0.272782
-1.13 0.279032
-1.12 0.285369
-1.11 0.291791
-1.1 0.298299
-1.09 0.304891
-1.08 0.311567
-1.07 0.318326
-1.06 0.325167
-1.05 0.332089
-1.04 0.339092
-1.03 0.346173
-1.02 0.353333
-1.01 0.360568
-1 0.367879
-0.99 0.375264
-0.98 0.382722
-0.97 0.39025
-0.96 0.397847
-0.95 0.405512
-0.94 0.413243
-0.93 0.421037
-0.92 0.428893
-0.91 0.436809
-0.9 0.444783
-0.89 0.452813
-0.88 0.460896
-0.87 0.46903
-0.86 0.477213
-0.85 0.485442
-0.84 0.493715
-0.83 0.502029
-0.82 0.510381
-0.81 0.518769
-0.8 0.52719
-0.79 0.53564
-0.78 0.544118
-0.77 0.55262
-0.76 0.561143
-0.75 0.569684
-0.74 0.578239
-0.73 0.586805
-0.72 0.59538
-0.71 0.603959
-0.7 0.61254
-0.69 0.621118
-0.68 0.629691
-0.67 0.638254
-0.66 0.646805
-0.65 0.655339
-0.64 0.663853
-0.63 0.672343
-0.62 0.680805
-0.61 0.689236
-0.6 0.697632
-0.59 0.705989
-0.58 0.714302
-0.57 0.722569
-0.56 0.730786
-0.55 0.738947
-0.54 0.747051
-0.53 0.755092
-0.52 0.763066
-0.51 0.770971
-0.5 0.778801
-0.49 0.786553
-0.48 0.794223
-0.47 0.801808
-0.46 0.809302
-0.45 0.816703
-0.44 0.824007
-0.43 0.831209
-0.42 0.838307
-0.41 0.845296
-0.4 0.852172
-0.39 0.858932
-0.38 0.865572
-0.37 0.872089
-0.36 0.87848
-0.35 0.884739
-0.34 0.890865
-0.33 0.896854
-0.32 0.902702
-0.31 0.908407
-0.3 0.913965
-0.29 0.919372
-0.28 0.924627
-0.27 0.929725
-0.26 0.934665
-0.25 0.939442
-0.24 0.944055
-0.23 0.948501
-0.22 0.952778
-0.21 0.956882
-0.2 0.960811
-0.19 0.964564
-0.18 0.968138
-0.17 0.971531
-0.16 0.97474
-0.15 0.977765
-0.14 0.980603
-0.13 0.983253
-0.12 0.985713
-0.11 0.987981
-0.1 0.990057
-0.09 0.991938
-0.08 0.993625
-0.07 0.995115
-0.06 0.996409
-0.05 0.997505
-0.04 0.998402
-0.03 0.999101
-0.02 0.9996
-0.01 0.9999
0 1
0.01 0.9999
0.02 0.9996
0.03 0.999101
0.04 0.998402
0.05 0.997505
0.06 0.996409
0.07 0.995115
0.08 0.993625
0.09 0.991938
0.1 0.990057
0.11 0.987981
0.12 0.985713
0.13 0.983253
0.14 0.980603
0.15 0.977765
0.16 0.97474
0.17 0.971531
0.18 0.968138
0.19 0.964564
0.2 0.960811
0.21 0.956882
0.22 0.952778
0.23 0.948501
0.24 0.944055
0.25 0.939442
0.26 0.934665
0.27 0.929725
0.28 0.924627
0.29 0.919372
0.3 0.913965
0.31 0.908407
0.32 0.902702
0.33 0.896854
0.34 0.890865
0.35 0.884739
0.36 0.87848
0.37 0.872089
0.38 0.865572
0.39 0.858932
0.4 0.852172
0.41 0.845296
0.42 0.838307
0.43 0.831209
0.44 0.824007
0.45 0.816703
0.46 0.809302
0.47 0.801808
0.48 0.794223
0.49 0.786553
0.5 0.778801
0.51 0.770971
0.52 0.763066
0.53 0.755092
0.54 0.747051
0.55 0.738947
0.56 0.730786
0.57 0.722569
0.58 0.714302
0.59 0.705989
0.6 0.697632
0.61 0.689236
0.62 0.680805
0.63 0.672343
0.64 0.663853
0.65 0.655339
0.66 0.646805
0.67 0.638254
0.68 0.629691
0.69 0.621118
0.7 0.61254
0.71 0.603959
0.72 0.59538
0.73 0.586805
0.74 0.578239
0.75 0.569684
0.76 0.561143
0.77 0.55262
0.78 0.544118
0.79 0.53564
0.8 0.52719
0.81 0.518769
0.82 0.510381
0.83 0.502029
0.84 0.493715
0.85 0.485442
0.86 0.477213
0.87 0.46903
0.88 0.460896
0.89 0.452813
0.9 0.444783
0.91 0.436809
0.92 0.428893
0.93 0.421037
0.94 0.413243
0.95 0.405512
0.96 0.397847
0.97 0.39025
0.98 0.382722
0.99 0.375264
1 0.367879
1.01 0.360568
1.02 0.353333
1.03 0.346173
1.04 0.339092
1.05 0.332089
1.06 0.325167
1.07 0.318326
1.08 0.311567
1.09 0.304891
1.1 0.298299
1.11 0.291791
1.12 0.285369
1.13 0.279032
1.14 0.272782
1.15 0.266619
1.16 0.260543
1.17 0.254555
1.18 0.248654
1.19 0.242842
1.2 0.237119
1.21 0.231483
1.22 0.225937
1.23 0.220478
1.24 0.215109
1.25 0.209828
1.26 0.204635
1.27 0.19953
1.28 0.194513
1.29 0.189583
1.3 0.184741
1.31 0.179986
1.32 0.175317
1.33 0.170734
1.34 0.166236
1.35 0.161824
1.36 0.157496
1.37 0.153252
1.38 0.149092
1.39 0.145013
1.4 0.141017
1.41 0.137102
1.42 0.133268
1.43 0.129514
1.44 0.125838
1.45 0.122241
1.46 0.118721
1.47 0.115278
1.48 0.11191
1.49 0.108618
1.5 0.105399
1.51 0.102254
1.52 0.0991809
1.53 0.0961793
1.54 0.0932482
1.55 0.0903866
1.56 0.0875936
1.57 0.0848683
1.58 0.0822098
1.59 0.0796171
1.6 0.0770893
1.61 0.0746254
1.62 0.0722244
1.63 0.0698854
1.64 0.0676075
1.65 0.0653897
1.66 0.063231
1.67 0.0611305
1.68 0.0590872
1.69 0.0571001
1.7 0.0551684
1.71 0.0532911
1.72 0.0514671
1.73 0.0496956
1.74 0.0479756
1.75 0.0463062
1.76 0.0446864
1.77 0.0431154
1.78 0.041592
1.79 0.0401156
1.8 0.038685
1.81 0.0372994
1.82 0.0359579
1.83 0.0346595
1.84 0.0334034
1.85 0.0321885
1.86 0.0310141
1.87 0.0298793
1.88 0.028783
1.89 0.0277244
1.9 0.0267027
1.91 0.0257168
1.92 0.0247661
1.93 0.0238494
1.94 0.0229661
1.95 0.0221151
1.96 0.0212957
1.97 0.0205069
1.98 0.0197479
1.99 0.0190177
2 0.0183156
2.01 0.0176407
2.02 0.0169921
2.03 0.016369
2.04 0.0157705
2.05 0.0151957
2.06 0.0146439
2.07 0.0141141
2.08 0.0136056
2.09 0.0131175
2.1 0.012649
2.11 0.0121993
2.12 0.0117676
2.13 0.011353
2.14 0.0109549
2.15 0.0105722
2.16 0.0102044
2.17 0.00985067
2.18 0.00951017
2.19 0.0091822
2.2 0.00886601
2.21 0.00856089
2.22 0.00826613
2.23 0.00798101
2.24 0.00770487
2.25 0.00743703
2.26 0.00717684
2.27 0.00692367
2.28 0.00667692
2.29 0.00643597
2.3 0.00620027
2.31 0.00596926
2.32 0.0057424
2.33 0.00551921
2.34 0.00529919
2.35 0.00508189
2.36 0.00486689
2.37 0.00465379
2.38 0.00444221
2.39 0.00423181
2.4 0.00402229
2.41 0.00381336
2.42 0.00360479
2.43 0.00339634
2.44 0.00318786
2.45 0.00297919
2.46 0.00277022
2.47 0.00256088
2.48 0.00235114
2.49 0.00214098
2.5 0.00193045
2.51 0.00171963
2.52 0.00150861
2.53 0.00129756
2.54 0.00108665
2.55 0.000876109
2.56 0.000666196
2.57 0.000457208
2.58 0.000249476
2.59 4.33673e-05
2.6 -0.000160716
2.61 -0.00036234
2.62 -0.000561036
2.63 -0.000756306
2.64 -0.00094762
2.65 -0.00113442
2.66 -0.00131613
2.67 -0.00149213
2.68 -0.0016618
2.69 -0.00182448
2.7 -0.00197951
2.71 -0.00212619
2.72 -0.00226383
2.73 -0.00239172
2.74 -0.00250914
2.75 -0.00261537
2.76 -0.00270969
2.77 -0.00279138
2.78 -0.00285971
2.79 -0.002914
2.8 -0.00295353
2.81 -0.00297765
2.82 -0.00298569
2.83 -0.00297702
2.84 -0.00295105
2.85 -0.00290722
2.86 -0.00284498
2.87 -0.00276386
2.88 -0.00266343
2.89 -0.00254329
2.9 -0.00240311
2.91 -0.00224264
2.92 -0.00206166
2.93 -0.00186004
2.94 -0.00163773
2.95 -0.00139474
2.96 -0.00113119
2.97 -0.000847264
2.98 -0.000543251
2.99 -0.000219533
3 0.00012341
3.01 0.000484989
3.02 0.000864513
3.03 0.00126118
3.04 0.00167406
3.05 0.00210213
3.06 0.00254423
3.07 0.00299909
3.08 0.00346531
3.09 0.00394137
3.1 0.00442562
3.11 0.00491628
3.12 0.00541147
3.13 0.00590916
3.14 0.0064072
3.15 0.00690332
3.16 0.00739514
3.17 0.00788014
3.18 0.0083557
3.19 0.0088191
3.2 0.0092675
3.21 0.00969796
3.22 0.0101075
3.23 0.0104929
3.24 0.010851
3.25 0.0111786
3.26 0.0114724
3.27 0.0117289
3.28 0.0119448
3.29 0.0121165
3.3 0.0122408
3.31 0.012314
3.32 0.0123329
3.33 0.0122939
3.34 0.0121937
3.35 0.0120289
3.36 0.0117965
3.37 0.0114933
3.38 0.0111162
3.39 0.0106624
3.4 0.0101293
3.41 0.00951432
3.42 0.00881516
3.43 0.00802978
3.44 0.00715635
3.45 0.00619338
3.46 0.00513962
3.47 0.00399422
3.48 0.00275663
3.49 0.00142673
3.5 4.78512e-06
3.51 -0.00150847
3.52 -0.00311186
3.53 -0.00480369
3.54 -0.00658177
3.55 -0.00844333
3.56 -0.010385
3.57 -0.012403
3.58 -0.0144925
3.59 -0.0166486
3.6 -0.0188651
3.61 -0.0211357
3.62 -0.0234528
3.63 -0.0258086
3.64 -0.0281943
3.65 -0.0306001
3.66 -0.0330158
3.67 -0.0354303
3.68 -0.0378315
3.69 -0.0402067
3.7 -0.0425423
3.71 -0.0448239
3.72 -0.0470363
3.73 -0.0491634
3.74 -0.0511886
3.75 -0.0530941
3.76 -0.0548617
3.77 -0.0564723
3.78 -0.0579062
3.79 -0.0591429
3.8 -0.0601614
3.81 -0.0609402
3.82 -0.0614571
3.83 -0.0616897
3.84 -0.0616149
3.85 -0.0612096
3.86 -0.0604504
3.87 -0.0593137
3.88 -0.0577759
3.89 -0.0558136
3.9 -0.0534036
3.91 -0.0505228
3.92 -0.047149
3.93 -0.0432602
3.94 -0.0388355
3.95 -0.0338547
3.96 -0.0282991
3.97 -0.022151
3.98 -0.0153943
3.99 -0.00801475
4 1.12535e-07
4.01 0.00866043
4.02 0.0179739
4.03 0.0279457
4.04 0.0385779
4.05 0.0498692
4.06 0.0618152
4.07 0.0744073
4.08 0.0876329
4.09 0.101475
4.1 0.115912
4.11 0.130917
4.12 0.146458
4.13 0.162496
4.14 0.178989
4.15 0.195884
4.16 0.213125
4.17 0.230647
4.18 0.248378
4.19 0.266238
4.2 0.284139
4.21 0.301984
4.22 0.319668
4.23 0.337076
4.24 0.354082
4.25 0.370554
4.26 0.386346
4.27 0.401304
4.28 0.415263
4.29 0.428046
4.3 0.439467
4.31 0.449327
4.32 0.457417
4.33 0.463517
4.34 0.467395
4.35 0.468809
4.36 0.467505
4.37 0.463219
4.38 0.455678
4.39 0.444596
4.4 0.42968
4.41 0.410627
4.42 0.387128
4.43 0.358865
4.44 0.325514
4.45 0.286746
4.46 0.24223
4.47 0.191632
4.48 0.134615
4.49 0.0708477
4.5 1.60523e-09
4.51 -0.0782516
4.52 -0.164222
4.53 -0.258215
4.54 -0.360518
4.55 -0.471403
4.56 -0.591117
4.57 -0.719882
4.58 -0.857891
4.59 -1.0053
4.6 -1.16221
4.61 -1.32871
4.62 -1.50479
4.63 -1.69042
4.64 -1.88548
4.65 -2.08977
4.66 -2.30302
4.67 -2.52486
4.68 -2.7548
4.69 -2.99227
4.7 -3.23655
4.71 -3.48677
4.72 -3.74193
4.73 -4.00085
4.74 -4.26217
4.75 -4.52434
4.76 -4.78559
4.77 -5.0439
4.78 -5.29702
4.79 -5.5424
4.8 -5.77722
4.81 -5.99832
4.82 -6.20219
4.83 -6.38495
4.84 -6.54233
4.85 -6.6696
4.86 -6.76159
4.87 -6.81262
4.88 -6.81647
4.89 -6.76634
4.9 -6.65484
4.91 -6.47389
4.92 -6.21472
4.93 -5.86781
4.94 -5.42284
4.95 -4.86862
4.96 -4.19306
4.97 -3.38308
4.98 -2.42458
4.99 -1.30235
5 1.38879e-11


